1.000000e-01 9.989114e-01 8.878026e-05 9.841886e-04 1.565604e-05
2.000000e-01 9.988242e-01 1.742771e-04 9.704346e-04 3.105068e-05
3.000000e-01 9.987384e-01 2.567429e-04 9.586387e-04 4.621665e-05
4.000000e-01 9.986537e-01 3.364155e-04 9.487081e-04 6.118508e-05
5.000000e-01 9.985699e-01 4.135197e-04 9.405566e-04 7.598560e-05
6.000000e-01 9.984870e-01 4.882677e-04 9.341037e-04 9.064647e-05
7.000000e-01 9.984047e-01 5.608603e-04 9.292745e-04 1.051947e-04
8.000000e-01 9.983229e-01 6.314869e-04 9.259996e-04 1.196559e-04
9.000000e-01 9.982414e-01 7.003272e-04 9.242143e-04 1.340549e-04
1.000000e+00 9.981602e-01 7.675509e-04 9.238588e-04 1.484151e-04
1.100000e+00 9.980790e-01 8.333190e-04 9.248774e-04 1.627593e-04
1.200000e+00 9.979979e-01 8.977841e-04 9.272188e-04 1.771092e-04
1.300000e+00 9.979166e-01 9.610910e-04 9.308357e-04 1.914857e-04
1.400000e+00 9.978350e-01 1.023377e-03 9.356842e-04 2.059089e-04
1.500000e+00 9.977531e-01 1.084773e-03 9.417241e-04 2.203982e-04
1.600000e+00 9.976707e-01 1.145404e-03 9.489184e-04 2.349726e-04
1.700000e+00 9.975877e-01 1.205386e-03 9.572334e-04 2.496501e-04
1.800000e+00 9.975041e-01 1.264835e-03 9.666380e-04 2.644484e-04
1.900000e+00 9.974197e-01 1.323856e-03 9.771043e-04 2.793846e-04
2.000000e+00 9.973344e-01 1.382554e-03 9.886066e-04 2.944755e-04
2.100000e+00 9.972481e-01 1.441025e-03 1.001122e-03 3.097373e-04
2.200000e+00 9.971608e-01 1.499366e-03 1.014630e-03 3.251858e-04
2.300000e+00 9.970724e-01 1.557665e-03 1.029112e-03 3.408367e-04
2.400000e+00 9.969827e-01 1.616011e-03 1.044553e-03 3.567052e-04
2.500000e+00 9.968918e-01 1.674486e-03 1.060936e-03 3.728063e-04
2.600000e+00 9.967994e-01 1.733171e-03 1.078252e-03 3.891547e-04
2.700000e+00 9.967056e-01 1.792143e-03 1.096488e-03 4.057650e-04
2.800000e+00 9.966102e-01 1.851479e-03 1.115637e-03 4.226515e-04
2.900000e+00 9.965132e-01 1.911250e-03 1.135691e-03 4.398285e-04
3.000000e+00 9.964145e-01 1.971526e-03 1.156645e-03 4.573101e-04
3.100000e+00 9.963140e-01 2.032377e-03 1.178494e-03 4.751103e-04
3.200000e+00 9.962117e-01 2.093869e-03 1.201237e-03 4.932429e-04
3.300000e+00 9.961073e-01 2.156067e-03 1.224873e-03 5.117220e-04
3.400000e+00 9.960010e-01 2.219035e-03 1.249401e-03 5.305613e-04
3.500000e+00 9.958926e-01 2.282834e-03 1.274823e-03 5.497747e-04
3.600000e+00 9.957820e-01 2.347525e-03 1.301142e-03 5.693761e-04
3.700000e+00 9.956691e-01 2.413169e-03 1.328363e-03 5.893793e-04
3.800000e+00 9.955539e-01 2.479823e-03 1.356489e-03 6.097983e-04
3.900000e+00 9.954363e-01 2.547547e-03 1.385528e-03 6.306471e-04
4.000000e+00 9.953162e-01 2.616397e-03 1.415486e-03 6.519399e-04
4.100000e+00 9.951935e-01 2.686430e-03 1.446373e-03 6.736908e-04
4.200000e+00 9.950682e-01 2.757702e-03 1.478197e-03 6.959142e-04
4.300000e+00 9.949401e-01 2.830268e-03 1.510969e-03 7.186246e-04
4.400000e+00 9.948093e-01 2.904185e-03 1.544700e-03 7.418365e-04
4.500000e+00 9.946755e-01 2.979507e-03 1.579404e-03 7.655649e-04
4.600000e+00 9.945388e-01 3.056290e-03 1.615092e-03 7.898246e-04
4.700000e+00 9.943990e-01 3.134588e-03 1.651779e-03 8.146309e-04
4.800000e+00 9.942561e-01 3.214456e-03 1.689480e-03 8.399991e-04
4.900000e+00 9.941099e-01 3.295950e-03 1.728211e-03 8.659449e-04
5.000000e+00 9.939604e-01 3.379124e-03 1.767990e-03 8.924841e-04
5.100000e+00 9.938075e-01 3.464035e-03 1.808833e-03 9.196329e-04
5.200000e+00 9.936511e-01 3.550737e-03 1.850759e-03 9.474075e-04
5.300000e+00 9.934911e-01 3.639287e-03 1.893787e-03 9.758248e-04
5.400000e+00 9.933274e-01 3.729741e-03 1.937938e-03 1.004902e-03
5.500000e+00 9.931600e-01 3.822157e-03 1.983233e-03 1.034655e-03
5.600000e+00 9.929886e-01 3.916593e-03 2.029694e-03 1.065103e-03
5.700000e+00 9.928133e-01 4.013105e-03 2.077343e-03 1.096263e-03
5.800000e+00 9.926339e-01 4.111753e-03 2.126204e-03 1.128154e-03
5.900000e+00 9.924503e-01 4.212597e-03 2.176300e-03 1.160794e-03
6.000000e+00 9.922624e-01 4.315697e-03 2.227659e-03 1.194203e-03
6.100000e+00 9.920702e-01 4.421114e-03 2.280304e-03 1.228398e-03
6.200000e+00 9.918734e-01 4.528909e-03 2.334264e-03 1.263401e-03
6.300000e+00 9.916721e-01 4.639146e-03 2.389565e-03 1.299232e-03
6.400000e+00 9.914660e-01 4.751889e-03 2.446237e-03 1.335911e-03
6.500000e+00 9.912550e-01 4.867202e-03 2.504309e-03 1.373458e-03
6.600000e+00 9.910391e-01 4.985151e-03 2.563811e-03 1.411897e-03
6.700000e+00 9.908182e-01 5.105803e-03 2.624773e-03 1.451248e-03
6.800000e+00 9.905920e-01 5.229226e-03 2.687229e-03 1.491534e-03
6.900000e+00 9.903605e-01 5.355490e-03 2.751211e-03 1.532777e-03
7.000000e+00 9.901236e-01 5.484664e-03 2.816752e-03 1.575002e-03
7.100000e+00 9.898811e-01 5.616821e-03 2.883887e-03 1.618233e-03
7.200000e+00 9.896328e-01 5.752034e-03 2.952653e-03 1.662493e-03
7.300000e+00 9.893787e-01 5.890376e-03 3.023084e-03 1.707807e-03
7.400000e+00 9.891187e-01 6.031923e-03 3.095219e-03 1.754202e-03
7.500000e+00 9.888524e-01 6.176754e-03 3.169096e-03 1.801703e-03
7.600000e+00 9.885800e-01 6.324946e-03 3.244755e-03 1.850338e-03
7.700000e+00 9.883011e-01 6.476579e-03 3.322235e-03 1.900132e-03
7.800000e+00 9.880156e-01 6.631735e-03 3.401578e-03 1.951115e-03
7.900000e+00 9.877234e-01 6.790497e-03 3.482827e-03 2.003315e-03
8.000000e+00 9.874243e-01 6.952951e-03 3.566024e-03 2.056761e-03
8.100000e+00 9.871181e-01 7.119183e-03 3.651215e-03 2.111483e-03
8.200000e+00 9.868048e-01 7.289280e-03 3.738443e-03 2.167512e-03
8.300000e+00 9.864840e-01 7.463333e-03 3.827757e-03 2.224878e-03
8.400000e+00 9.861557e-01 7.641434e-03 3.919204e-03 2.283614e-03
8.500000e+00 9.858197e-01 7.823676e-03 4.012832e-03 2.343752e-03
8.600000e+00 9.854758e-01 8.010154e-03 4.108692e-03 2.405326e-03
8.700000e+00 9.851238e-01 8.200967e-03 4.206834e-03 2.468370e-03
8.800000e+00 9.847636e-01 8.396212e-03 4.307310e-03 2.532919e-03
8.900000e+00 9.843948e-01 8.595991e-03 4.410175e-03 2.599009e-03
9.000000e+00 9.840174e-01 8.800408e-03 4.515482e-03 2.666676e-03
9.100000e+00 9.836312e-01 9.009567e-03 4.623288e-03 2.735958e-03
9.200000e+00 9.832359e-01 9.223576e-03 4.733650e-03 2.806893e-03
9.300000e+00 9.828313e-01 9.442544e-03 4.846626e-03 2.879520e-03
9.400000e+00 9.824173e-01 9.666584e-03 4.962275e-03 2.953879e-03
9.500000e+00 9.819935e-01 9.895807e-03 5.080660e-03 3.030012e-03
9.600000e+00 9.815599e-01 1.013033e-02 5.201842e-03 3.107960e-03
9.700000e+00 9.811161e-01 1.037027e-02 5.325886e-03 3.187765e-03
9.800000e+00 9.806619e-01 1.061576e-02 5.452855e-03 3.269472e-03
9.900000e+00 9.801972e-01 1.086690e-02 5.582818e-03 3.353126e-03
1.000000e+01 9.797216e-01 1.112383e-02 5.715842e-03 3.438772e-03
1.010000e+01 9.792349e-01 1.138668e-02 5.851997e-03 3.526458e-03
1.020000e+01 9.787368e-01 1.165557e-02 5.991354e-03 3.616230e-03
1.030000e+01 9.782272e-01 1.193064e-02 6.133985e-03 3.708139e-03
1.040000e+01 9.777058e-01 1.221202e-02 6.279965e-03 3.802234e-03
1.050000e+01 9.771722e-01 1.249985e-02 6.429369e-03 3.898566e-03
1.060000e+01 9.766263e-01 1.279427e-02 6.582275e-03 3.997188e-03
1.070000e+01 9.760677e-01 1.309543e-02 6.738762e-03 4.098154e-03
1.080000e+01 9.754961e-01 1.340346e-02 6.898910e-03 4.201518e-03
1.090000e+01 9.749113e-01 1.371852e-02 7.062802e-03 4.307337e-03
1.100000e+01 9.743131e-01 1.404075e-02 7.230522e-03 4.415667e-03
1.110000e+01 9.737010e-01 1.437032e-02 7.402156e-03 4.526567e-03
1.120000e+01 9.730747e-01 1.470737e-02 7.577791e-03 4.640097e-03
1.130000e+01 9.724341e-01 1.505207e-02 7.757517e-03 4.756319e-03
1.140000e+01 9.717787e-01 1.540457e-02 7.941425e-03 4.875294e-03
1.150000e+01 9.711083e-01 1.576505e-02 8.129608e-03 4.997087e-03
1.160000e+01 9.704224e-01 1.613366e-02 8.322161e-03 5.121763e-03
1.170000e+01 9.697208e-01 1.651059e-02 8.519181e-03 5.249389e-03
1.180000e+01 9.690032e-01 1.689599e-02 8.720768e-03 5.380033e-03
1.190000e+01 9.682692e-01 1.729005e-02 8.927021e-03 5.513766e-03
1.200000e+01 9.675183e-01 1.769295e-02 9.138043e-03 5.650657e-03
1.210000e+01 9.667504e-01 1.810487e-02 9.353941e-03 5.790781e-03
1.220000e+01 9.659650e-01 1.852599e-02 9.574820e-03 5.934212e-03
1.230000e+01 9.651617e-01 1.895650e-02 9.800789e-03 6.081025e-03
1.240000e+01 9.643401e-01 1.939659e-02 1.003196e-02 6.231299e-03
1.250000e+01 9.635000e-01 1.984646e-02 1.026845e-02 6.385113e-03
1.260000e+01 9.626408e-01 2.030629e-02 1.051036e-02 6.542549e-03
1.270000e+01 9.617622e-01 2.077630e-02 1.075783e-02 6.703688e-03
1.280000e+01 9.608637e-01 2.125668e-02 1.101096e-02 6.868617e-03
1.290000e+01 9.599451e-01 2.174763e-02 1.126988e-02 7.037421e-03
1.300000e+01 9.590057e-01 2.224937e-02 1.153472e-02 7.210189e-03
1.310000e+01 9.580453e-01 2.276210e-02 1.180560e-02 7.387011e-03
1.320000e+01 9.570633e-01 2.328605e-02 1.208264e-02 7.567979e-03
1.330000e+01 9.560594e-01 2.382142e-02 1.236599e-02 7.753188e-03
1.340000e+01 9.550331e-01 2.436843e-02 1.265578e-02 7.942734e-03
1.350000e+01 9.539838e-01 2.492731e-02 1.295213e-02 8.136714e-03
1.360000e+01 9.529113e-01 2.549828e-02 1.325520e-02 8.335230e-03
1.370000e+01 9.518149e-01 2.608157e-02 1.356512e-02 8.538382e-03
1.380000e+01 9.506943e-01 2.667742e-02 1.388203e-02 8.746277e-03
1.390000e+01 9.495489e-01 2.728604e-02 1.420608e-02 8.959021e-03
1.400000e+01 9.483782e-01 2.790768e-02 1.453741e-02 9.176722e-03
1.410000e+01 9.471818e-01 2.854257e-02 1.487619e-02 9.399491e-03
1.420000e+01 9.459590e-01 2.919096e-02 1.522256e-02 9.627442e-03
1.430000e+01 9.447096e-01 2.985308e-02 1.557668e-02 9.860691e-03
1.440000e+01 9.434328e-01 3.052918e-02 1.593870e-02 1.009935e-02
1.450000e+01 9.421281e-01 3.121951e-02 1.630879e-02 1.034356e-02
1.460000e+01 9.407952e-01 3.192432e-02 1.668711e-02 1.059341e-02
1.470000e+01 9.394333e-01 3.264385e-02 1.707382e-02 1.084906e-02
1.480000e+01 9.380419e-01 3.337837e-02 1.746910e-02 1.111061e-02
1.490000e+01 9.366206e-01 3.412811e-02 1.787312e-02 1.137821e-02
1.500000e+01 9.351686e-01 3.489334e-02 1.828604e-02 1.165198e-02
1.510000e+01 9.336856e-01 3.567432e-02 1.870805e-02 1.193207e-02
1.520000e+01 9.321708e-01 3.647129e-02 1.913932e-02 1.221860e-02
1.530000e+01 9.306237e-01 3.728453e-02 1.958004e-02 1.251172e-02
1.540000e+01 9.290437e-01 3.811429e-02 2.003038e-02 1.281158e-02
1.550000e+01 9.274303e-01 3.896084e-02 2.049054e-02 1.311832e-02
1.560000e+01 9.257828e-01 3.982442e-02 2.096070e-02 1.343208e-02
1.570000e+01 9.241006e-01 4.070531e-02 2.144105e-02 1.375303e-02
1.580000e+01 9.223831e-01 4.160377e-02 2.193178e-02 1.408131e-02
1.590000e+01 9.206298e-01 4.252005e-02 2.243310e-02 1.441709e-02
1.600000e+01 9.188399e-01 4.345442e-02 2.294520e-02 1.476052e-02
1.610000e+01 9.170128e-01 4.440714e-02 2.346828e-02 1.511176e-02
1.620000e+01 9.151480e-01 4.537847e-02 2.400254e-02 1.547100e-02
1.630000e+01 9.132448e-01 4.636866e-02 2.454818e-02 1.583838e-02
1.640000e+01 9.113025e-01 4.737798e-02 2.510542e-02 1.621410e-02
1.650000e+01 9.093205e-01 4.840668e-02 2.567446e-02 1.659831e-02
1.660000e+01 9.072983e-01 4.945501e-02 2.625552e-02 1.699121e-02
1.670000e+01 9.052350e-01 5.052322e-02 2.684879e-02 1.739297e-02
1.680000e+01 9.031301e-01 5.161157e-02 2.745451e-02 1.780379e-02
1.690000e+01 9.009830e-01 5.272029e-02 2.807288e-02 1.822383e-02
1.700000e+01 8.987929e-01 5.384962e-02 2.870413e-02 1.865331e-02
1.710000e+01 8.965593e-01 5.499982e-02 2.934847e-02 1.909241e-02
1.720000e+01 8.942814e-01 5.617110e-02 3.000613e-02 1.954134e-02
1.730000e+01 8.919587e-01 5.736369e-02 3.067732e-02 2.000029e-02
1.740000e+01 8.895904e-01 5.857783e-02 3.136228e-02 2.046946e-02
1.750000e+01 8.871760e-01 5.981373e-02 3.206122e-02 2.094907e-02
1.760000e+01 8.847147e-01 6.107159e-02 3.277437e-02 2.143933e-02
1.770000e+01 8.822059e-01 6.235163e-02 3.350197e-02 2.194046e-02
1.780000e+01 8.796491e-01 6.365405e-02 3.424423e-02 2.245266e-02
1.790000e+01 8.770434e-01 6.497903e-02 3.500138e-02 2.297617e-02
1.800000e+01 8.743884e-01 6.632676e-02 3.577366e-02 2.351120e-02
1.810000e+01 8.716833e-01 6.769740e-02 3.656129e-02 2.405799e-02
1.820000e+01 8.689276e-01 6.909114e-02 3.736450e-02 2.461676e-02
1.830000e+01 8.661206e-01 7.050811e-02 3.818353e-02 2.518776e-02
1.840000e+01 8.632617e-01 7.194848e-02 3.901859e-02 2.577121e-02
1.850000e+01 8.603503e-01 7.341236e-02 3.986993e-02 2.636737e-02
1.860000e+01 8.573859e-01 7.489988e-02 4.073776e-02 2.697647e-02
1.870000e+01 8.543678e-01 7.641116e-02 4.162231e-02 2.759877e-02
1.880000e+01 8.512954e-01 7.794628e-02 4.252381e-02 2.823452e-02
1.890000e+01 8.481682e-01 7.950534e-02 4.344249e-02 2.888396e-02
1.900000e+01 8.449857e-01 8.108840e-02 4.437856e-02 2.954737e-02
1.910000e+01 8.417473e-01 8.269551e-02 4.533224e-02 3.022500e-02
1.920000e+01 8.384524e-01 8.432672e-02 4.630376e-02 3.091711e-02
1.930000e+01 8.351006e-01 8.598205e-02 4.729334e-02 3.162398e-02
1.940000e+01 8.316915e-01 8.766149e-02 4.830117e-02 3.234587e-02
1.950000e+01 8.282244e-01 8.936505e-02 4.932749e-02 3.308305e-02
1.960000e+01 8.246990e-01 9.109269e-02 5.037248e-02 3.383582e-02
1.970000e+01 8.211148e-01 9.284435e-02 5.143637e-02 3.460443e-02
1.980000e+01 8.174715e-01 9.461997e-02 5.251934e-02 3.538919e-02
1.990000e+01 8.137686e-01 9.641946e-02 5.362159e-02 3.619037e-02
2.000000e+01 8.100057e-01 9.824271e-02 5.474331e-02 3.700826e-02
2.010000e+01 8.061826e-01 1.000896e-01 5.588469e-02 3.784315e-02
2.020000e+01 8.022988e-01 1.019599e-01 5.704592e-02 3.869534e-02
2.030000e+01 7.983542e-01 1.038535e-01 5.822715e-02 3.956513e-02
2.040000e+01 7.943485e-01 1.057702e-01 5.942857e-02 4.045280e-02
2.050000e+01 7.902813e-01 1.077097e-01 6.065033e-02 4.135867e-02
2.060000e+01 7.861526e-01 1.096718e-01 6.189259e-02 4.228303e-02
2.070000e+01 7.819621e-01 1.116562e-01 6.315549e-02 4.322620e-02
2.080000e+01 7.777098e-01 1.136626e-01 6.443919e-02 4.418848e-02
2.090000e+01 7.733954e-01 1.156906e-01 6.574380e-02 4.517017e-02
2.100000e+01 7.690191e-01 1.177399e-01 6.706945e-02 4.617159e-02
2.110000e+01 7.645806e-01 1.198101e-01 6.841626e-02 4.719306e-02
2.120000e+01 7.600801e-01 1.219007e-01 6.978432e-02 4.823488e-02
2.130000e+01 7.555175e-01 1.240113e-01 7.117375e-02 4.929737e-02
2.140000e+01 7.508931e-01 1.261415e-01 7.258461e-02 5.038085e-02
2.150000e+01 7.462068e-01 1.282906e-01 7.401698e-02 5.148564e-02
2.160000e+01 7.414589e-01 1.304581e-01 7.547092e-02 5.261206e-02
2.170000e+01 7.366497e-01 1.326434e-01 7.694648e-02 5.376042e-02
2.180000e+01 7.317792e-01 1.348460e-01 7.844371e-02 5.493104e-02
2.190000e+01 7.268480e-01 1.370651e-01 7.996261e-02 5.612425e-02
2.200000e+01 7.218563e-01 1.393001e-01 8.150322e-02 5.734036e-02
2.210000e+01 7.168045e-01 1.415503e-01 8.306551e-02 5.857969e-02
2.220000e+01 7.116932e-01 1.438148e-01 8.464948e-02 5.984257e-02
2.230000e+01 7.065227e-01 1.460929e-01 8.625509e-02 6.112932e-02
2.240000e+01 7.012937e-01 1.483838e-01 8.788230e-02 6.244024e-02
2.250000e+01 6.960067e-01 1.506866e-01 8.953104e-02 6.377567e-02
2.260000e+01 6.906625e-01 1.530004e-01 9.120123e-02 6.513591e-02
2.270000e+01 6.852617e-01 1.553242e-01 9.289278e-02 6.652128e-02
2.280000e+01 6.798052e-01 1.576572e-01 9.460558e-02 6.793210e-02
2.290000e+01 6.742936e-01 1.599982e-01 9.633949e-02 6.936867e-02
2.300000e+01 6.687280e-01 1.623463e-01 9.809437e-02 7.083131e-02
2.310000e+01 6.631092e-01 1.647005e-01 9.987004e-02 7.232032e-02
2.320000e+01 6.574382e-01 1.670595e-01 1.016663e-01 7.383600e-02
2.330000e+01 6.517161e-01 1.694222e-01 1.034830e-01 7.537866e-02
2.340000e+01 6.459440e-01 1.717875e-01 1.053199e-01 7.694859e-02
2.350000e+01 6.401229e-01 1.741542e-01 1.071767e-01 7.854609e-02
2.360000e+01 6.342543e-01 1.765211e-01 1.090532e-01 8.017145e-02
2.370000e+01 6.283392e-01 1.788868e-01 1.109491e-01 8.182495e-02
2.380000e+01 6.223790e-01 1.812501e-01 1.128640e-01 8.350687e-02
2.390000e+01 6.163751e-01 1.836097e-01 1.147978e-01 8.521749e-02
2.400000e+01 6.103289e-01 1.859642e-01 1.167499e-01 8.695709e-02
2.410000e+01 6.042419e-01 1.883122e-01 1.187200e-01 8.872592e-02
2.420000e+01 5.981156e-01 1.906524e-01 1.207078e-01 9.052425e-02
2.430000e+01 5.919516e-01 1.929832e-01 1.227128e-01 9.235233e-02
2.440000e+01 5.857516e-01 1.953034e-01 1.247346e-01 9.421041e-02
2.450000e+01 5.795172e-01 1.976114e-01 1.267727e-01 9.609873e-02
2.460000e+01 5.732501e-01 1.999057e-01 1.288267e-01 9.801753e-02
2.470000e+01 5.669522e-01 2.021848e-01 1.308960e-01 9.996702e-02
2.480000e+01 5.606252e-01 2.044472e-01 1.329801e-01 1.019474e-01
2.490000e+01 5.542711e-01 2.066915e-01 1.350785e-01 1.039590e-01
2.500000e+01 5.478917e-01 2.089159e-01 1.371905e-01 1.060019e-01
2.510000e+01 5.414890e-01 2.111191e-01 1.393157e-01 1.080763e-01
2.520000e+01 5.350649e-01 2.132994e-01 1.414533e-01 1.101824e-01
2.530000e+01 5.286215e-01 2.154553e-01 1.436028e-01 1.123204e-01
2.540000e+01 5.221609e-01 2.175853e-01 1.457634e-01 1.144904e-01
2.550000e+01 5.156851e-01 2.196877e-01 1.479346e-01 1.166927e-01
2.560000e+01 5.091962e-01 2.217610e-01 1.501155e-01 1.189273e-01
2.570000e+01 5.026965e-01 2.238036e-01 1.523055e-01 1.211944e-01
2.580000e+01 4.961880e-01 2.258141e-01 1.545038e-01 1.234941e-01
2.590000e+01 4.896729e-01 2.277908e-01 1.567097e-01 1.258265e-01
2.600000e+01 4.831535e-01 2.297323e-01 1.589223e-01 1.281918e-01
2.610000e+01 4.766320e-01 2.316370e-01 1.611409e-01 1.305900e-01
2.620000e+01 4.701106e-01 2.335035e-01 1.633647e-01 1.330212e-01
2.630000e+01 4.635916e-01 2.353302e-01 1.655928e-01 1.354854e-01
2.640000e+01 4.570772e-01 2.371157e-01 1.678243e-01 1.379828e-01
2.650000e+01 4.505696e-01 2.388587e-01 1.700584e-01 1.405133e-01
2.660000e+01 4.440712e-01 2.405576e-01 1.722942e-01 1.430770e-01
2.670000e+01 4.375842e-01 2.422111e-01 1.745308e-01 1.456740e-01
2.680000e+01 4.311108e-01 2.438180e-01 1.767672e-01 1.483041e-01
2.690000e+01 4.246533e-01 2.453768e-01 1.790026e-01 1.509674e-01
2.700000e+01 4.182139e-01 2.468863e-01 1.812359e-01 1.536638e-01
2.710000e+01 4.117948e-01 2.483454e-01 1.834663e-01 1.563934e-01
2.720000e+01 4.053983e-01 2.497528e-01 1.856928e-01 1.591561e-01
2.730000e+01 3.990266e-01 2.511073e-01 1.879143e-01 1.619518e-01
2.740000e+01 3.926817e-01 2.524079e-01 1.901300e-01 1.647804e-01
2.750000e+01 3.863658e-01 2.536536e-01 1.923388e-01 1.676418e-01
2.760000e+01 3.800810e-01 2.548434e-01 1.945397e-01 1.705360e-01
2.770000e+01 3.738294e-01 2.559762e-01 1.967317e-01 1.734627e-01
2.780000e+01 3.676131e-01 2.570513e-01 1.989138e-01 1.764219e-01
2.790000e+01 3.614339e-01 2.580677e-01 2.010850e-01 1.794133e-01
2.800000e+01 3.552939e-01 2.590248e-01 2.032443e-01 1.824369e-01
2.810000e+01 3.491951e-01 2.599218e-01 2.053907e-01 1.854925e-01
2.820000e+01 3.431392e-01 2.607580e-01 2.075231e-01 1.885798e-01
2.830000e+01 3.371280e-01 2.615328e-01 2.096406e-01 1.916986e-01
2.840000e+01 3.311635e-01 2.622457e-01 2.117421e-01 1.948487e-01
2.850000e+01 3.252472e-01 2.628963e-01 2.138266e-01 1.980299e-01
2.860000e+01 3.193809e-01 2.634841e-01 2.158932e-01 2.012418e-01
2.870000e+01 3.135661e-01 2.640088e-01 2.179408e-01 2.044843e-01
2.880000e+01 3.078044e-01 2.644700e-01 2.199684e-01 2.077571e-01
2.890000e+01 3.020974e-01 2.648677e-01 2.219752e-01 2.110598e-01
2.900000e+01 2.964464e-01 2.652015e-01 2.239600e-01 2.143921e-01
2.910000e+01 2.908528e-01 2.654715e-01 2.259220e-01 2.177537e-01
2.920000e+01 2.853180e-01 2.656776e-01 2.278602e-01 2.211442e-01
2.930000e+01 2.798431e-01 2.658199e-01 2.297737e-01 2.245634e-01
2.940000e+01 2.744294e-01 2.658984e-01 2.316615e-01 2.280107e-01
2.950000e+01 2.690779e-01 2.659133e-01 2.335228e-01 2.314860e-01
2.960000e+01 2.637898e-01 2.658648e-01 2.353567e-01 2.349886e-01
2.970000e+01 2.585660e-01 2.657534e-01 2.371623e-01 2.385183e-01
2.980000e+01 2.534074e-01 2.655792e-01 2.389388e-01 2.420746e-01
2.990000e+01 2.483149e-01 2.653427e-01 2.406853e-01 2.456571e-01
3.000000e+01 2.432893e-01 2.650444e-01 2.424010e-01 2.492653e-01
3.010000e+01 2.383312e-01 2.646848e-01 2.440852e-01 2.528988e-01
3.020000e+01 2.334414e-01 2.642645e-01 2.457370e-01 2.565571e-01
3.030000e+01 2.286204e-01 2.637841e-01 2.473558e-01 2.602398e-01
3.040000e+01 2.238687e-01 2.632443e-01 2.489408e-01 2.639462e-01
3.050000e+01 2.191867e-01 2.626459e-01 2.504913e-01 2.676760e-01
3.060000e+01 2.145750e-01 2.619897e-01 2.520067e-01 2.714286e-01
3.070000e+01 2.100337e-01 2.612765e-01 2.534863e-01 2.752036e-01
3.080000e+01 2.055631e-01 2.605071e-01 2.549295e-01 2.790003e-01
3.090000e+01 2.011636e-01 2.596825e-01 2.563357e-01 2.828182e-01
3.100000e+01 1.968351e-01 2.588038e-01 2.577044e-01 2.866568e-01
3.110000e+01 1.925778e-01 2.578718e-01 2.590349e-01 2.905156e-01
3.120000e+01 1.883916e-01 2.568876e-01 2.603269e-01 2.943939e-01
3.130000e+01 1.842766e-01 2.558524e-01 2.615798e-01 2.982912e-01
3.140000e+01 1.802327e-01 2.547672e-01 2.627932e-01 3.022069e-01
3.150000e+01 1.762598e-01 2.536331e-01 2.639667e-01 3.061404e-01
3.160000e+01 1.723575e-01 2.524514e-01 2.650998e-01 3.100912e-01
3.170000e+01 1.685258e-01 2.512233e-01 2.661922e-01 3.140587e-01
3.180000e+01 1.647643e-01 2.499499e-01 2.672437e-01 3.180422e-01
3.190000e+01 1.610726e-01 2.486325e-01 2.682538e-01 3.220411e-01
3.200000e+01 1.574504e-01 2.472725e-01 2.692223e-01 3.260549e-01
3.210000e+01 1.538973e-01 2.458709e-01 2.701490e-01 3.300828e-01
3.220000e+01 1.504128e-01 2.444293e-01 2.710336e-01 3.341244e-01
3.230000e+01 1.469963e-01 2.429488e-01 2.718760e-01 3.381789e-01
3.240000e+01 1.436474e-01 2.414308e-01 2.726760e-01 3.422458e-01
3.250000e+01 1.403655e-01 2.398766e-01 2.734335e-01 3.463245e-01
3.260000e+01 1.371499e-01 2.382875e-01 2.741484e-01 3.504142e-01
3.270000e+01 1.340000e-01 2.366650e-01 2.748206e-01 3.545144e-01
3.280000e+01 1.309152e-01 2.350103e-01 2.754501e-01 3.586244e-01
3.290000e+01 1.278947e-01 2.333247e-01 2.760369e-01 3.627436e-01
3.300000e+01 1.249379e-01 2.316097e-01 2.765810e-01 3.668714e-01
3.310000e+01 1.220439e-01 2.298666e-01 2.770824e-01 3.710072e-01
3.320000e+01 1.192120e-01 2.280966e-01 2.775411e-01 3.751503e-01
3.330000e+01 1.164414e-01 2.263012e-01 2.779574e-01 3.793000e-01
3.340000e+01 1.137312e-01 2.244816e-01 2.783313e-01 3.834559e-01
3.350000e+01 1.110808e-01 2.226392e-01 2.786629e-01 3.876171e-01
3.360000e+01 1.084891e-01 2.207752e-01 2.789525e-01 3.917832e-01
3.370000e+01 1.059554e-01 2.188910e-01 2.792001e-01 3.959535e-01
3.380000e+01 1.034788e-01 2.169878e-01 2.794061e-01 4.001273e-01
3.390000e+01 1.010584e-01 2.150669e-01 2.795707e-01 4.043041e-01
3.400000e+01 9.869327e-02 2.131295e-01 2.796941e-01 4.084832e-01
3.410000e+01 9.638255e-02 2.111768e-01 2.797766e-01 4.126640e-01
3.420000e+01 9.412534e-02 2.092101e-01 2.798185e-01 4.168460e-01
3.430000e+01 9.192071e-02 2.072306e-01 2.798202e-01 4.210285e-01
3.440000e+01 8.976775e-02 2.052393e-01 2.797819e-01 4.252110e-01
3.450000e+01 8.766555e-02 2.032376e-01 2.797041e-01 4.293928e-01
3.460000e+01 8.561317e-02 2.012264e-01 2.795870e-01 4.335733e-01
3.470000e+01 8.360971e-02 1.992070e-01 2.794312e-01 4.377521e-01
3.480000e+01 8.165424e-02 1.971803e-01 2.792371e-01 4.419284e-01
3.490000e+01 7.974584e-02 1.951474e-01 2.790049e-01 4.461018e-01
3.500000e+01 7.788360e-02 1.931095e-01 2.787353e-01 4.502717e-01
3.510000e+01 7.606661e-02 1.910674e-01 2.784286e-01 4.544374e-01
3.520000e+01 7.429395e-02 1.890222e-01 2.780853e-01 4.585986e-01
3.530000e+01 7.256473e-02 1.869748e-01 2.777059e-01 4.627546e-01
3.540000e+01 7.087804e-02 1.849262e-01 2.772910e-01 4.669048e-01
3.550000e+01 6.923301e-02 1.828772e-01 2.768409e-01 4.710489e-01
3.560000e+01 6.762874e-02 1.808288e-01 2.763563e-01 4.751862e-01
3.570000e+01 6.606437e-02 1.787818e-01 2.758376e-01 4.793162e-01
3.580000e+01 6.453902e-02 1.767371e-01 2.752854e-01 4.834385e-01
3.590000e+01 6.305184e-02 1.746954e-01 2.747002e-01 4.875525e-01
3.600000e+01 6.160198e-02 1.726576e-01 2.740827e-01 4.916578e-01
3.610000e+01 6.018862e-02 1.706243e-01 2.734333e-01 4.957538e-01
3.620000e+01 5.881091e-02 1.685964e-01 2.727526e-01 4.998401e-01
3.630000e+01 5.746805e-02 1.665744e-01 2.720412e-01 5.039163e-01
3.640000e+01 5.615924e-02 1.645592e-01 2.712997e-01 5.079818e-01
3.650000e+01 5.488367e-02 1.625513e-01 2.705287e-01 5.120363e-01
3.660000e+01 5.364057e-02 1.605514e-01 2.697288e-01 5.160792e-01
3.670000e+01 5.242918e-02 1.585601e-01 2.689005e-01 5.201103e-01
3.680000e+01 5.124873e-02 1.565779e-01 2.680444e-01 5.241289e-01
3.690000e+01 5.009849e-02 1.546054e-01 2.671612e-01 5.281348e-01
3.700000e+01 4.897771e-02 1.526432e-01 2.662515e-01 5.321275e-01
3.710000e+01 4.788570e-02 1.506918e-01 2.653159e-01 5.361067e-01
3.720000e+01 4.682173e-02 1.487515e-01 2.643549e-01 5.400719e-01
3.730000e+01 4.578512e-02 1.468230e-01 2.633691e-01 5.440228e-01
3.740000e+01 4.477518e-02 1.449066e-01 2.623593e-01 5.479589e-01
3.750000e+01 4.379127e-02 1.430027e-01 2.613260e-01 5.518801e-01
3.760000e+01 4.283271e-02 1.411118e-01 2.602697e-01 5.557858e-01
3.770000e+01 4.189887e-02 1.392342e-01 2.591912e-01 5.596758e-01
3.780000e+01 4.098912e-02 1.373702e-01 2.580910e-01 5.635497e-01
3.790000e+01 4.010286e-02 1.355203e-01 2.569697e-01 5.674071e-01
3.800000e+01 3.923947e-02 1.336847e-01 2.558279e-01 5.712479e-01
3.810000e+01 3.839838e-02 1.318638e-01 2.546662e-01 5.750717e-01
3.820000e+01 3.757900e-02 1.300577e-01 2.534852e-01 5.788781e-01
3.830000e+01 3.678077e-02 1.282667e-01 2.522855e-01 5.826670e-01
3.840000e+01 3.600315e-02 1.264912e-01 2.510677e-01 5.864379e-01
3.850000e+01 3.524559e-02 1.247313e-01 2.498323e-01 5.901908e-01
3.860000e+01 3.450758e-02 1.229872e-01 2.485800e-01 5.939252e-01
3.870000e+01 3.378859e-02 1.212592e-01 2.473114e-01 5.976409e-01
3.880000e+01 3.308812e-02 1.195473e-01 2.460269e-01 6.013377e-01
3.890000e+01 3.240570e-02 1.178518e-01 2.447272e-01 6.050154e-01
3.900000e+01 3.174083e-02 1.161727e-01 2.434127e-01 6.086737e-01
3.910000e+01 3.109305e-02 1.145103e-01 2.420842e-01 6.123124e-01
3.920000e+01 3.046192e-02 1.128647e-01 2.407421e-01 6.159313e-01
3.930000e+01 2.984698e-02 1.112359e-01 2.393869e-01 6.195302e-01
3.940000e+01 2.924780e-02 1.096240e-01 2.380193e-01 6.231089e-01
3.950000e+01 2.866396e-02 1.080292e-01 2.366397e-01 6.266672e-01
3.960000e+01 2.809505e-02 1.064514e-01 2.352486e-01 6.302050e-01
3.970000e+01 2.754066e-02 1.048908e-01 2.338466e-01 6.337220e-01
3.980000e+01 2.700042e-02 1.033473e-01 2.324342e-01 6.372181e-01
3.990000e+01 2.647393e-02 1.018211e-01 2.310119e-01 6.406931e-01
4.000000e+01 2.596082e-02 1.003121e-01 2.295801e-01 6.441470e-01
4.010000e+01 2.546074e-02 9.882029e-02 2.281395e-01 6.475795e-01
4.020000e+01 2.497334e-02 9.734577e-02 2.266904e-01 6.509905e-01
4.030000e+01 2.449826e-02 9.588849e-02 2.252334e-01 6.543799e-01
4.040000e+01 2.403518e-02 9.444843e-02 2.237688e-01 6.577476e-01
4.050000e+01 2.358377e-02 9.302557e-02 2.222972e-01 6.610934e-01
4.060000e+01 2.314372e-02 9.161988e-02 2.208191e-01 6.644173e-01
4.070000e+01 2.271471e-02 9.023131e-02 2.193348e-01 6.677192e-01
4.080000e+01 2.229646e-02 8.885983e-02 2.178449e-01 6.709989e-01
4.090000e+01 2.188866e-02 8.750536e-02 2.163496e-01 6.742564e-01
4.100000e+01 2.149104e-02 8.616786e-02 2.148496e-01 6.774915e-01
4.110000e+01 2.110331e-02 8.484726e-02 2.133451e-01 6.807044e-01
4.120000e+01 2.072522e-02 8.354347e-02 2.118366e-01 6.838947e-01
4.130000e+01 2.035650e-02 8.225643e-02 2.103245e-01 6.870626e-01
4.140000e+01 1.999689e-02 8.098605e-02 2.088092e-01 6.902079e-01
4.150000e+01 1.964615e-02 7.973223e-02 2.072910e-01 6.933306e-01
4.160000e+01 1.930404e-02 7.849488e-02 2.057704e-01 6.964307e-01
4.170000e+01 1.897032e-02 7.727390e-02 2.042477e-01 6.995080e-01
4.180000e+01 1.864478e-02 7.606919e-02 2.027233e-01 7.025627e-01
4.190000e+01 1.832718e-02 7.488064e-02 2.011976e-01 7.055946e-01
4.200000e+01 1.801732e-02 7.370814e-02 1.996708e-01 7.086037e-01
4.210000e+01 1.771499e-02 7.255156e-02 1.981434e-01 7.115901e-01
4.220000e+01 1.741997e-02 7.141080e-02 1.966156e-01 7.145537e-01
4.230000e+01 1.713209e-02 7.028573e-02 1.950878e-01 7.174944e-01
4.240000e+01 1.685113e-02 6.917622e-02 1.935603e-01 7.204124e-01
4.250000e+01 1.657693e-02 6.808214e-02 1.920334e-01 7.233076e-01
4.260000e+01 1.630929e-02 6.700337e-02 1.905074e-01 7.261799e-01
4.270000e+01 1.604805e-02 6.593977e-02 1.889826e-01 7.290295e-01
4.280000e+01 1.579303e-02 6.489120e-02 1.874594e-01 7.318564e-01
4.290000e+01 1.554406e-02 6.385754e-02 1.859379e-01 7.346605e-01
4.300000e+01 1.530099e-02 6.283863e-02 1.844185e-01 7.374419e-01
4.310000e+01 1.506365e-02 6.183434e-02 1.829014e-01 7.402006e-01
4.320000e+01 1.483190e-02 6.084452e-02 1.813869e-01 7.429367e-01
4.330000e+01 1.460559e-02 5.986903e-02 1.798753e-01 7.456501e-01
4.340000e+01 1.438456e-02 5.890773e-02 1.783667e-01 7.483410e-01
4.350000e+01 1.416870e-02 5.796047e-02 1.768615e-01 7.510094e-01
4.360000e+01 1.395784e-02 5.702711e-02 1.753598e-01 7.536553e-01
4.370000e+01 1.375188e-02 5.610748e-02 1.738619e-01 7.562787e-01
4.380000e+01 1.355067e-02 5.520146e-02 1.723680e-01 7.588798e-01
4.390000e+01 1.335409e-02 5.430887e-02 1.708784e-01 7.614586e-01
4.400000e+01 1.316202e-02 5.342959e-02 1.693932e-01 7.640152e-01
4.410000e+01 1.297435e-02 5.256345e-02 1.679127e-01 7.665495e-01
4.420000e+01 1.279095e-02 5.171031e-02 1.664369e-01 7.690618e-01
4.430000e+01 1.261172e-02 5.087001e-02 1.649662e-01 7.715520e-01
4.440000e+01 1.243655e-02 5.004240e-02 1.635008e-01 7.740203e-01
4.450000e+01 1.226534e-02 4.922734e-02 1.620407e-01 7.764666e-01
4.460000e+01 1.209797e-02 4.842468e-02 1.605861e-01 7.788912e-01
4.470000e+01 1.193436e-02 4.763425e-02 1.591374e-01 7.812940e-01
4.480000e+01 1.177441e-02 4.685592e-02 1.576944e-01 7.836752e-01
4.490000e+01 1.161802e-02 4.608953e-02 1.562576e-01 7.860349e-01
4.500000e+01 1.146510e-02 4.533494e-02 1.548269e-01 7.883730e-01
4.510000e+01 1.131556e-02 4.459199e-02 1.534026e-01 7.906898e-01
4.520000e+01 1.116932e-02 4.386054e-02 1.519848e-01 7.929854e-01
4.530000e+01 1.102630e-02 4.314044e-02 1.505736e-01 7.952597e-01
4.540000e+01 1.088640e-02 4.243154e-02 1.491691e-01 7.975129e-01
4.550000e+01 1.074956e-02 4.173369e-02 1.477715e-01 7.997452e-01
4.560000e+01 1.061570e-02 4.104676e-02 1.463809e-01 8.019566e-01
4.570000e+01 1.048474e-02 4.037060e-02 1.449975e-01 8.041472e-01
4.580000e+01 1.035660e-02 3.970505e-02 1.436212e-01 8.063172e-01
4.590000e+01 1.023123e-02 3.904999e-02 1.422523e-01 8.084665e-01
4.600000e+01 1.010854e-02 3.840526e-02 1.408908e-01 8.105954e-01
4.610000e+01 9.988476e-03 3.777073e-02 1.395368e-01 8.127040e-01
4.620000e+01 9.870970e-03 3.714625e-02 1.381904e-01 8.147924e-01
4.630000e+01 9.755959e-03 3.653170e-02 1.368518e-01 8.168606e-01
4.640000e+01 9.643380e-03 3.592692e-02 1.355209e-01 8.189088e-01
4.650000e+01 9.533176e-03 3.533179e-02 1.341979e-01 8.209371e-01
4.660000e+01 9.425287e-03 3.474616e-02 1.328829e-01 8.229456e-01
4.670000e+01 9.319656e-03 3.416991e-02 1.315759e-01 8.249345e-01
4.680000e+01 9.216230e-03 3.360290e-02 1.302770e-01 8.269039e-01
4.690000e+01 9.114954e-03 3.304499e-02 1.289862e-01 8.288538e-01
4.700000e+01 9.015777e-03 3.249607e-02 1.277037e-01 8.307845e-01
4.710000e+01 8.918648e-03 3.195599e-02 1.264294e-01 8.326960e-01
4.720000e+01 8.823518e-03 3.142463e-02 1.251635e-01 8.345884e-01
4.730000e+01 8.730338e-03 3.090186e-02 1.239059e-01 8.364619e-01
4.740000e+01 8.639063e-03 3.038756e-02 1.226568e-01 8.383166e-01
4.750000e+01 8.549647e-03 2.988161e-02 1.214161e-01 8.401526e-01
4.760000e+01 8.462046e-03 2.938387e-02 1.201840e-01 8.419701e-01
4.770000e+01 8.376216e-03 2.889423e-02 1.189604e-01 8.437691e-01
4.780000e+01 8.292117e-03 2.841257e-02 1.177454e-01 8.455499e-01
4.790000e+01 8.209707e-03 2.793876e-02 1.165390e-01 8.473125e-01
4.800000e+01 8.128947e-03 2.747269e-02 1.153413e-01 8.490571e-01
4.810000e+01 8.049798e-03 2.701425e-02 1.141522e-01 8.507837e-01
4.820000e+01 7.972223e-03 2.656332e-02 1.129719e-01 8.524926e-01
4.830000e+01 7.896186e-03 2.611978e-02 1.118002e-01 8.541838e-01
4.840000e+01 7.821650e-03 2.568352e-02 1.106373e-01 8.558575e-01
4.850000e+01 7.748581e-03 2.525443e-02 1.094832e-01 8.575138e-01
4.860000e+01 7.676945e-03 2.483240e-02 1.083378e-01 8.591529e-01
4.870000e+01 7.606710e-03 2.441733e-02 1.072011e-01 8.607748e-01
4.880000e+01 7.537844e-03 2.400910e-02 1.060733e-01 8.623797e-01
4.890000e+01 7.470315e-03 2.360761e-02 1.049543e-01 8.639678e-01
4.900000e+01 7.404093e-03 2.321275e-02 1.038440e-01 8.655391e-01
4.910000e+01 7.339149e-03 2.282443e-02 1.027426e-01 8.670939e-01
4.920000e+01 7.275454e-03 2.244254e-02 1.016499e-01 8.686321e-01
4.930000e+01 7.212979e-03 2.206697e-02 1.005660e-01 8.701540e-01
4.940000e+01 7.151698e-03 2.169764e-02 9.949096e-02 8.716597e-01
4.950000e+01 7.091583e-03 2.133444e-02 9.842466e-02 8.731493e-01
4.960000e+01 7.032610e-03 2.097727e-02 9.736713e-02 8.746230e-01
4.970000e+01 6.974752e-03 2.062605e-02 9.631837e-02 8.760808e-01
4.980000e+01 6.917985e-03 2.028067e-02 9.527836e-02 8.775230e-01
4.990000e+01 6.862285e-03 1.994104e-02 9.424708e-02 8.789496e-01
5.000000e+01 6.807628e-03 1.960707e-02 9.322452e-02 8.803608e-01
5.010000e+01 6.753992e-03 1.927868e-02 9.221067e-02 8.817567e-01
5.020000e+01 6.701355e-03 1.895577e-02 9.120551e-02 8.831374e-01
5.030000e+01 6.649694e-03 1.863826e-02 9.020901e-02 8.845030e-01
5.040000e+01 6.598989e-03 1.832605e-02 8.922115e-02 8.858538e-01
5.050000e+01 6.549220e-03 1.801907e-02 8.824191e-02 8.871898e-01
5.060000e+01 6.500365e-03 1.771722e-02 8.727127e-02 8.885111e-01
5.070000e+01 6.452405e-03 1.742043e-02 8.630920e-02 8.898180e-01
5.080000e+01 6.405322e-03 1.712862e-02 8.535567e-02 8.911104e-01
5.090000e+01 6.359097e-03 1.684170e-02 8.441066e-02 8.923886e-01
5.100000e+01 6.313711e-03 1.655959e-02 8.347413e-02 8.936526e-01
5.110000e+01 6.269146e-03 1.628222e-02 8.254605e-02 8.949026e-01
5.120000e+01 6.225386e-03 1.600951e-02 8.162640e-02 8.961387e-01
5.130000e+01 6.182414e-03 1.574138e-02 8.071514e-02 8.973611e-01
5.140000e+01 6.140212e-03 1.547776e-02 7.981223e-02 8.985698e-01
5.150000e+01 6.098766e-03 1.521857e-02 7.891765e-02 8.997650e-01
5.160000e+01 6.058058e-03 1.496375e-02 7.803135e-02 9.009468e-01
5.170000e+01 6.018075e-03 1.471321e-02 7.715330e-02 9.021154e-01
5.180000e+01 5.978801e-03 1.446690e-02 7.628345e-02 9.032708e-01
5.190000e+01 5.940221e-03 1.422474e-02 7.542178e-02 9.044133e-01
5.200000e+01 5.902321e-03 1.398665e-02 7.456825e-02 9.055428e-01
5.210000e+01 5.865088e-03 1.375259e-02 7.372280e-02 9.066595e-01
5.220000e+01 5.828507e-03 1.352247e-02 7.288540e-02 9.077636e-01
5.230000e+01 5.792566e-03 1.329623e-02 7.205602e-02 9.088552e-01
5.240000e+01 5.757252e-03 1.307381e-02 7.123460e-02 9.099343e-01
5.250000e+01 5.722551e-03 1.285515e-02 7.042110e-02 9.110012e-01
5.260000e+01 5.688452e-03 1.264018e-02 6.961548e-02 9.120559e-01
5.270000e+01 5.654942e-03 1.242884e-02 6.881770e-02 9.130985e-01
5.280000e+01 5.622010e-03 1.222108e-02 6.802771e-02 9.141292e-01
5.290000e+01 5.589645e-03 1.201682e-02 6.724547e-02 9.151481e-01
5.300000e+01 5.557834e-03 1.181602e-02 6.647092e-02 9.161552e-01
5.310000e+01 5.526568e-03 1.161862e-02 6.570403e-02 9.171508e-01
5.320000e+01 5.495835e-03 1.142455e-02 6.494475e-02 9.181349e-01
5.330000e+01 5.465625e-03 1.123376e-02 6.419302e-02 9.191076e-01
5.340000e+01 5.435927e-03 1.104621e-02 6.344880e-02 9.200691e-01
5.350000e+01 5.406732e-03 1.086183e-02 6.271205e-02 9.210194e-01
5.360000e+01 5.378030e-03 1.068057e-02 6.198271e-02 9.219587e-01
5.370000e+01 5.349811e-03 1.050237e-02 6.126073e-02 9.228871e-01
5.380000e+01 5.322067e-03 1.032720e-02 6.054607e-02 9.238047e-01
5.390000e+01 5.294787e-03 1.015499e-02 5.983868e-02 9.247115e-01
5.400000e+01 5.267963e-03 9.985696e-03 5.913850e-02 9.256078e-01
5.410000e+01 5.241586e-03 9.819270e-03 5.844549e-02 9.264937e-01
5.420000e+01 5.215648e-03 9.655663e-03 5.775960e-02 9.273691e-01
5.430000e+01 5.190140e-03 9.494827e-03 5.708077e-02 9.282343e-01
5.440000e+01 5.165054e-03 9.336716e-03 5.640896e-02 9.290893e-01
5.450000e+01 5.140383e-03 9.181283e-03 5.574411e-02 9.299342e-01
5.460000e+01 5.116118e-03 9.028484e-03 5.508618e-02 9.307692e-01
5.470000e+01 5.092251e-03 8.878274e-03 5.443510e-02 9.315944e-01
5.480000e+01 5.068776e-03 8.730608e-03 5.379084e-02 9.324098e-01
5.490000e+01 5.045685e-03 8.585444e-03 5.315334e-02 9.332155e-01
5.500000e+01 5.022971e-03 8.442740e-03 5.252254e-02 9.340117e-01
5.510000e+01 5.000626e-03 8.302454e-03 5.189840e-02 9.347985e-01
5.520000e+01 4.978645e-03 8.164544e-03 5.128087e-02 9.355759e-01
5.530000e+01 4.957020e-03 8.028971e-03 5.066988e-02 9.363441e-01
5.540000e+01 4.935745e-03 7.895695e-03 5.006540e-02 9.371032e-01
5.550000e+01 4.914813e-03 7.764677e-03 4.946737e-02 9.378531e-01
5.560000e+01 4.894218e-03 7.635878e-03 4.887573e-02 9.385942e-01
5.570000e+01 4.873954e-03 7.509261e-03 4.829044e-02 9.393263e-01
5.580000e+01 4.854015e-03 7.384789e-03 4.771144e-02 9.400498e-01
5.590000e+01 4.834395e-03 7.262424e-03 4.713869e-02 9.407645e-01
5.600000e+01 4.815088e-03 7.142132e-03 4.657212e-02 9.414707e-01
5.610000e+01 4.796089e-03 7.023877e-03 4.601170e-02 9.421683e-01
5.620000e+01 4.777393e-03 6.907624e-03 4.545736e-02 9.428576e-01
5.630000e+01 4.758992e-03 6.793340e-03 4.490905e-02 9.435386e-01
5.640000e+01 4.740884e-03 6.680990e-03 4.436673e-02 9.442114e-01
5.650000e+01 4.723061e-03 6.570541e-03 4.383034e-02 9.448761e-01
5.660000e+01 4.705520e-03 6.461962e-03 4.329983e-02 9.455327e-01
5.670000e+01 4.688255e-03 6.355219e-03 4.277516e-02 9.461814e-01
5.680000e+01 4.671261e-03 6.250283e-03 4.225626e-02 9.468222e-01
5.690000e+01 4.654533e-03 6.147122e-03 4.174309e-02 9.474553e-01
5.700000e+01 4.638068e-03 6.045706e-03 4.123560e-02 9.480806e-01
5.710000e+01 4.621860e-03 5.946004e-03 4.073374e-02 9.486984e-01
5.720000e+01 4.605904e-03 5.847988e-03 4.023745e-02 9.493087e-01
5.730000e+01 4.590197e-03 5.751629e-03 3.974669e-02 9.499115e-01
5.740000e+01 4.574734e-03 5.656898e-03 3.926140e-02 9.505070e-01
5.750000e+01 4.559511e-03 5.563768e-03 3.878155e-02 9.510952e-01
5.760000e+01 4.544524e-03 5.472212e-03 3.830707e-02 9.516762e-01
5.770000e+01 4.529768e-03 5.382201e-03 3.783791e-02 9.522501e-01
5.780000e+01 4.515240e-03 5.293711e-03 3.737404e-02 9.528170e-01
5.790000e+01 4.500936e-03 5.206714e-03 3.691539e-02 9.533770e-01
5.800000e+01 4.486852e-03 5.121186e-03 3.646193e-02 9.539300e-01
5.810000e+01 4.472983e-03 5.037101e-03 3.601359e-02 9.544763e-01
5.820000e+01 4.459328e-03 4.954434e-03 3.557034e-02 9.550159e-01
5.830000e+01 4.445881e-03 4.873162e-03 3.513213e-02 9.555488e-01
5.840000e+01 4.432640e-03 4.793260e-03 3.469890e-02 9.560752e-01
5.850000e+01 4.419600e-03 4.714705e-03 3.427061e-02 9.565951e-01
5.860000e+01 4.406760e-03 4.637473e-03 3.384721e-02 9.571086e-01
5.870000e+01 4.394114e-03 4.561543e-03 3.342866e-02 9.576157e-01
5.880000e+01 4.381660e-03 4.486891e-03 3.301490e-02 9.581165e-01
5.890000e+01 4.369395e-03 4.413497e-03 3.260590e-02 9.586112e-01
5.900000e+01 4.357316e-03 4.341337e-03 3.220160e-02 9.590997e-01
5.910000e+01 4.345419e-03 4.270393e-03 3.180196e-02 9.595822e-01
5.920000e+01 4.333701e-03 4.200641e-03 3.140693e-02 9.600587e-01
5.930000e+01 4.322161e-03 4.132062e-03 3.101647e-02 9.605293e-01
5.940000e+01 4.310793e-03 4.064637e-03 3.063054e-02 9.609940e-01
5.950000e+01 4.299597e-03 3.998344e-03 3.024907e-02 9.614530e-01
5.960000e+01 4.288568e-03 3.933165e-03 2.987204e-02 9.619062e-01
5.970000e+01 4.277704e-03 3.869081e-03 2.949940e-02 9.623538e-01
5.980000e+01 4.267003e-03 3.806073e-03 2.913110e-02 9.627958e-01
5.990000e+01 4.256462e-03 3.744122e-03 2.876710e-02 9.632323e-01
6.000000e+01 4.246078e-03 3.683211e-03 2.840735e-02 9.636634e-01
6.010000e+01 4.235849e-03 3.623321e-03 2.805182e-02 9.640890e-01
6.020000e+01 4.225772e-03 3.564435e-03 2.770046e-02 9.645093e-01
6.030000e+01 4.215844e-03 3.506536e-03 2.735322e-02 9.649244e-01
6.040000e+01 4.206064e-03 3.449607e-03 2.701007e-02 9.653343e-01
6.050000e+01 4.196429e-03 3.393631e-03 2.667095e-02 9.657390e-01
6.060000e+01 4.186936e-03 3.338592e-03 2.633584e-02 9.661386e-01
6.070000e+01 4.177584e-03 3.284475e-03 2.600469e-02 9.665333e-01
6.080000e+01 4.168369e-03 3.231262e-03 2.567745e-02 9.669229e-01
6.090000e+01 4.159291e-03 3.178940e-03 2.535409e-02 9.673077e-01
6.100000e+01 4.150346e-03 3.127492e-03 2.503457e-02 9.676876e-01
6.110000e+01 4.141533e-03 3.076903e-03 2.471884e-02 9.680627e-01
6.120000e+01 4.132849e-03 3.027159e-03 2.440686e-02 9.684331e-01
6.130000e+01 4.124293e-03 2.978246e-03 2.409860e-02 9.687989e-01
6.140000e+01 4.115862e-03 2.930149e-03 2.379402e-02 9.691600e-01
6.150000e+01 4.107555e-03 2.882854e-03 2.349308e-02 9.695165e-01
6.160000e+01 4.099369e-03 2.836347e-03 2.319573e-02 9.698686e-01
6.170000e+01 4.091302e-03 2.790616e-03 2.290194e-02 9.702161e-01
6.180000e+01 4.083354e-03 2.745647e-03 2.261167e-02 9.705593e-01
6.190000e+01 4.075521e-03 2.701426e-03 2.232489e-02 9.708982e-01
6.200000e+01 4.067802e-03 2.657941e-03 2.204155e-02 9.712327e-01
6.210000e+01 4.060196e-03 2.615180e-03 2.176163e-02 9.715630e-01
6.220000e+01 4.052700e-03 2.573130e-03 2.148507e-02 9.718891e-01
6.230000e+01 4.045312e-03 2.531778e-03 2.121185e-02 9.722111e-01
6.240000e+01 4.038032e-03 2.491114e-03 2.094193e-02 9.725289e-01
6.250000e+01 4.030858e-03 2.451125e-03 2.067527e-02 9.728427e-01
6.260000e+01 4.023787e-03 2.411800e-03 2.041184e-02 9.731526e-01
6.270000e+01 4.016819e-03 2.373127e-03 2.015160e-02 9.734585e-01
6.280000e+01 4.009951e-03 2.335095e-03 1.989452e-02 9.737604e-01
6.290000e+01 4.003182e-03 2.297694e-03 1.964055e-02 9.740586e-01
6.300000e+01 3.996511e-03 2.260913e-03 1.938968e-02 9.743529e-01
6.310000e+01 3.989936e-03 2.224740e-03 1.914186e-02 9.746435e-01
6.320000e+01 3.983455e-03 2.189167e-03 1.889706e-02 9.749303e-01
6.330000e+01 3.977068e-03 2.154182e-03 1.865524e-02 9.752135e-01
6.340000e+01 3.970773e-03 2.119775e-03 1.841638e-02 9.754931e-01
6.350000e+01 3.964568e-03 2.085937e-03 1.818044e-02 9.757691e-01
6.360000e+01 3.958451e-03 2.052658e-03 1.794738e-02 9.760415e-01
6.370000e+01 3.952423e-03 2.019929e-03 1.771718e-02 9.763105e-01
6.380000e+01 3.946481e-03 1.987739e-03 1.748980e-02 9.765760e-01
6.390000e+01 3.940624e-03 1.956081e-03 1.726521e-02 9.768381e-01
6.400000e+01 3.934850e-03 1.924944e-03 1.704338e-02 9.770968e-01
6.410000e+01 3.929159e-03 1.894321e-03 1.682428e-02 9.773522e-01
6.420000e+01 3.923549e-03 1.864202e-03 1.660788e-02 9.776044e-01
6.430000e+01 3.918020e-03 1.834579e-03 1.639414e-02 9.778533e-01
6.440000e+01 3.912569e-03 1.805443e-03 1.618304e-02 9.780989e-01
6.450000e+01 3.907195e-03 1.776786e-03 1.597454e-02 9.783415e-01
6.460000e+01 3.901898e-03 1.748600e-03 1.576863e-02 9.785809e-01
6.470000e+01 3.896677e-03 1.720878e-03 1.556525e-02 9.788172e-01
6.480000e+01 3.891529e-03 1.693610e-03 1.536440e-02 9.790505e-01
6.490000e+01 3.886455e-03 1.666790e-03 1.516603e-02 9.792807e-01
6.500000e+01 3.881452e-03 1.640410e-03 1.497013e-02 9.795080e-01
6.510000e+01 3.876521e-03 1.614462e-03 1.477666e-02 9.797324e-01
6.520000e+01 3.871659e-03 1.588939e-03 1.458559e-02 9.799538e-01
6.530000e+01 3.866866e-03 1.563834e-03 1.439689e-02 9.801724e-01
6.540000e+01 3.862142e-03 1.539141e-03 1.421055e-02 9.803882e-01
6.550000e+01 3.857483e-03 1.514851e-03 1.402652e-02 9.806011e-01
6.560000e+01 3.852891e-03 1.490958e-03 1.384480e-02 9.808114e-01
6.570000e+01 3.848363e-03 1.467455e-03 1.366533e-02 9.810188e-01
6.580000e+01 3.843900e-03 1.444337e-03 1.348811e-02 9.812236e-01
6.590000e+01 3.839499e-03 1.421595e-03 1.331311e-02 9.814258e-01
6.600000e+01 3.835161e-03 1.399225e-03 1.314029e-02 9.816253e-01
6.610000e+01 3.830883e-03 1.377220e-03 1.296964e-02 9.818223e-01
6.620000e+01 3.826666e-03 1.355573e-03 1.280113e-02 9.820166e-01
6.630000e+01 3.822508e-03 1.334278e-03 1.263473e-02 9.822085e-01
6.640000e+01 3.818408e-03 1.313330e-03 1.247042e-02 9.823978e-01
6.650000e+01 3.814366e-03 1.292723e-03 1.230817e-02 9.825847e-01
6.660000e+01 3.810381e-03 1.272451e-03 1.214796e-02 9.827692e-01
6.670000e+01 3.806452e-03 1.252508e-03 1.198976e-02 9.829513e-01
6.680000e+01 3.802578e-03 1.232889e-03 1.183356e-02 9.831310e-01
6.690000e+01 3.798758e-03 1.213589e-03 1.167933e-02 9.833083e-01
6.700000e+01 3.794992e-03 1.194602e-03 1.152704e-02 9.834834e-01
6.710000e+01 3.791279e-03 1.175922e-03 1.137667e-02 9.836561e-01
6.720000e+01 3.787617e-03 1.157545e-03 1.122820e-02 9.838266e-01
6.730000e+01 3.784007e-03 1.139466e-03 1.108160e-02 9.839949e-01
6.740000e+01 3.780448e-03 1.121680e-03 1.093686e-02 9.841610e-01
6.750000e+01 3.776938e-03 1.104181e-03 1.079395e-02 9.843249e-01
6.760000e+01 3.773477e-03 1.086965e-03 1.065285e-02 9.844867e-01
6.770000e+01 3.770064e-03 1.070027e-03 1.051354e-02 9.846464e-01
6.780000e+01 3.766699e-03 1.053362e-03 1.037600e-02 9.848039e-01
6.790000e+01 3.763381e-03 1.036967e-03 1.024020e-02 9.849595e-01
6.800000e+01 3.760110e-03 1.020836e-03 1.010612e-02 9.851129e-01
6.810000e+01 3.756884e-03 1.004965e-03 9.973747e-03 9.852644e-01
6.820000e+01 3.753703e-03 9.893496e-04 9.843057e-03 9.854139e-01
6.830000e+01 3.750566e-03 9.739857e-04 9.714031e-03 9.855614e-01
6.840000e+01 3.747473e-03 9.588691e-04 9.586647e-03 9.857070e-01
6.850000e+01 3.744423e-03 9.439955e-04 9.460885e-03 9.858507e-01
6.860000e+01 3.741415e-03 9.293609e-04 9.336727e-03 9.859925e-01
6.870000e+01 3.738450e-03 9.149615e-04 9.214152e-03 9.861324e-01
6.880000e+01 3.735525e-03 9.007932e-04 9.093142e-03 9.862705e-01
6.890000e+01 3.732641e-03 8.868522e-04 8.973677e-03 9.864068e-01
6.900000e+01 3.729797e-03 8.731347e-04 8.855739e-03 9.865413e-01
6.910000e+01 3.726993e-03 8.596371e-04 8.739309e-03 9.866741e-01
6.920000e+01 3.724228e-03 8.463556e-04 8.624369e-03 9.868050e-01
6.930000e+01 3.721501e-03 8.332868e-04 8.510900e-03 9.869343e-01
6.940000e+01 3.718812e-03 8.204269e-04 8.398885e-03 9.870619e-01
6.950000e+01 3.716160e-03 8.077727e-04 8.288305e-03 9.871878e-01
6.960000e+01 3.713545e-03 7.953206e-04 8.179144e-03 9.873120e-01
6.970000e+01 3.710966e-03 7.830674e-04 8.071383e-03 9.874346e-01
6.980000e+01 3.708423e-03 7.710097e-04 7.965007e-03 9.875556e-01
6.990000e+01 3.705915e-03 7.591444e-04 7.859996e-03 9.876749e-01
7.000000e+01 3.703441e-03 7.474681e-04 7.756336e-03 9.877928e-01
7.010000e+01 3.701002e-03 7.359779e-04 7.654009e-03 9.879090e-01
7.020000e+01 3.698597e-03 7.246706e-04 7.552999e-03 9.880237e-01
7.030000e+01 3.696225e-03 7.135431e-04 7.453289e-03 9.881369e-01
7.040000e+01 3.693886e-03 7.025927e-04 7.354864e-03 9.882487e-01
7.050000e+01 3.691579e-03 6.918162e-04 7.257707e-03 9.883589e-01
7.060000e+01 3.689304e-03 6.812110e-04 7.161804e-03 9.884677e-01
7.070000e+01 3.687061e-03 6.707740e-04 7.067138e-03 9.885750e-01
7.080000e+01 3.684848e-03 6.605026e-04 6.973694e-03 9.886810e-01
7.090000e+01 3.682666e-03 6.503941e-04 6.881457e-03 9.887855e-01
7.100000e+01 3.680515e-03 6.404457e-04 6.790413e-03 9.888886e-01
7.110000e+01 3.678392e-03 6.306549e-04 6.700545e-03 9.889904e-01
7.120000e+01 3.676300e-03 6.210190e-04 6.611840e-03 9.890908e-01
7.130000e+01 3.674236e-03 6.115355e-04 6.524283e-03 9.891899e-01
7.140000e+01 3.672200e-03 6.022019e-04 6.437860e-03 9.892877e-01
7.150000e+01 3.670193e-03 5.930157e-04 6.352557e-03 9.893842e-01
7.160000e+01 3.668213e-03 5.839746e-04 6.268360e-03 9.894795e-01
7.170000e+01 3.666260e-03 5.750761e-04 6.185254e-03 9.895734e-01
7.180000e+01 3.664335e-03 5.663180e-04 6.103227e-03 9.896661e-01
7.190000e+01 3.662436e-03 5.576979e-04 6.022264e-03 9.897576e-01
7.200000e+01 3.660563e-03 5.492135e-04 5.942353e-03 9.898479e-01
7.210000e+01 3.658715e-03 5.408627e-04 5.863480e-03 9.899369e-01
7.220000e+01 3.656894e-03 5.326432e-04 5.785633e-03 9.900248e-01
7.230000e+01 3.655097e-03 5.245530e-04 5.708798e-03 9.901116e-01
7.240000e+01 3.653325e-03 5.165899e-04 5.632963e-03 9.901971e-01
7.250000e+01 3.651578e-03 5.087518e-04 5.558114e-03 9.902816e-01
7.260000e+01 3.649854e-03 5.010367e-04 5.484241e-03 9.903649e-01
7.270000e+01 3.648154e-03 4.934427e-04 5.411330e-03 9.904471e-01
7.280000e+01 3.646478e-03 4.859677e-04 5.339369e-03 9.905282e-01
7.290000e+01 3.644824e-03 4.786097e-04 5.268347e-03 9.906082e-01
7.300000e+01 3.643194e-03 4.713670e-04 5.198251e-03 9.906872e-01
7.310000e+01 3.641586e-03 4.642376e-04 5.129070e-03 9.907651e-01
7.320000e+01 3.639999e-03 4.572197e-04 5.060793e-03 9.908420e-01
7.330000e+01 3.638435e-03 4.503114e-04 4.993407e-03 9.909178e-01
7.340000e+01 3.636892e-03 4.435111e-04 4.926902e-03 9.909927e-01
7.350000e+01 3.635370e-03 4.368169e-04 4.861266e-03 9.910665e-01
7.360000e+01 3.633870e-03 4.302272e-04 4.796489e-03 9.911394e-01
7.370000e+01 3.632389e-03 4.237401e-04 4.732559e-03 9.912113e-01
7.380000e+01 3.630930e-03 4.173542e-04 4.669466e-03 9.912823e-01
7.390000e+01 3.629490e-03 4.110677e-04 4.607199e-03 9.913522e-01
7.400000e+01 3.628070e-03 4.048791e-04 4.545747e-03 9.914213e-01
7.410000e+01 3.626669e-03 3.987867e-04 4.485101e-03 9.914894e-01
7.420000e+01 3.625288e-03 3.927890e-04 4.425250e-03 9.915567e-01
7.430000e+01 3.623925e-03 3.868845e-04 4.366184e-03 9.916230e-01
7.440000e+01 3.622581e-03 3.810717e-04 4.307893e-03 9.916885e-01
7.450000e+01 3.621256e-03 3.753491e-04 4.250367e-03 9.917530e-01
7.460000e+01 3.619949e-03 3.697152e-04 4.193596e-03 9.918167e-01
7.470000e+01 3.618660e-03 3.641687e-04 4.137571e-03 9.918796e-01
7.480000e+01 3.617388e-03 3.587080e-04 4.082282e-03 9.919416e-01
7.490000e+01 3.616134e-03 3.533320e-04 4.027720e-03 9.920028e-01
7.500000e+01 3.614897e-03 3.480391e-04 3.973875e-03 9.920632e-01
7.510000e+01 3.613677e-03 3.428280e-04 3.920738e-03 9.921228e-01
7.520000e+01 3.612474e-03 3.376975e-04 3.868301e-03 9.921815e-01
7.530000e+01 3.611287e-03 3.326462e-04 3.816553e-03 9.922395e-01
7.540000e+01 3.610116e-03 3.276729e-04 3.765488e-03 9.922967e-01
7.550000e+01 3.608962e-03 3.227764e-04 3.715094e-03 9.923532e-01
7.560000e+01 3.607823e-03 3.179553e-04 3.665365e-03 9.924089e-01
7.570000e+01 3.606700e-03 3.132085e-04 3.616291e-03 9.924638e-01
7.580000e+01 3.605592e-03 3.085348e-04 3.567865e-03 9.925180e-01
7.590000e+01 3.604500e-03 3.039331e-04 3.520077e-03 9.925715e-01
7.600000e+01 3.603422e-03 2.994022e-04 3.472919e-03 9.926243e-01
7.610000e+01 3.602359e-03 2.949409e-04 3.426384e-03 9.926763e-01
7.620000e+01 3.601311e-03 2.905482e-04 3.380464e-03 9.927277e-01
7.630000e+01 3.600277e-03 2.862229e-04 3.335149e-03 9.927784e-01
7.640000e+01 3.599257e-03 2.819641e-04 3.290434e-03 9.928283e-01
7.650000e+01 3.598251e-03 2.777705e-04 3.246309e-03 9.928777e-01
7.660000e+01 3.597259e-03 2.736413e-04 3.202768e-03 9.929263e-01
7.670000e+01 3.596281e-03 2.695753e-04 3.159803e-03 9.929743e-01
7.680000e+01 3.595316e-03 2.655716e-04 3.117406e-03 9.930217e-01
7.690000e+01 3.594364e-03 2.616291e-04 3.075569e-03 9.930684e-01
7.700000e+01 3.593425e-03 2.577470e-04 3.034287e-03 9.931145e-01
7.710000e+01 3.592499e-03 2.539243e-04 2.993551e-03 9.931600e-01
7.720000e+01 3.591585e-03 2.501599e-04 2.953355e-03 9.932049e-01
7.730000e+01 3.590684e-03 2.464530e-04 2.913691e-03 9.932492e-01
7.740000e+01 3.589796e-03 2.428027e-04 2.874553e-03 9.932928e-01
7.750000e+01 3.588919e-03 2.392081e-04 2.835934e-03 9.933359e-01
7.760000e+01 3.588055e-03 2.356683e-04 2.797827e-03 9.933785e-01
7.770000e+01 3.587202e-03 2.321824e-04 2.760225e-03 9.934204e-01
7.780000e+01 3.586361e-03 2.287496e-04 2.723122e-03 9.934618e-01
7.790000e+01 3.585532e-03 2.253691e-04 2.686511e-03 9.935026e-01
7.800000e+01 3.584714e-03 2.220400e-04 2.650387e-03 9.935429e-01
7.810000e+01 3.583907e-03 2.187615e-04 2.614742e-03 9.935826e-01
7.820000e+01 3.583111e-03 2.155328e-04 2.579571e-03 9.936218e-01
7.830000e+01 3.582326e-03 2.123532e-04 2.544866e-03 9.936605e-01
7.840000e+01 3.581551e-03 2.092218e-04 2.510623e-03 9.936986e-01
7.850000e+01 3.580788e-03 2.061380e-04 2.476836e-03 9.937362e-01
7.860000e+01 3.580034e-03 2.031009e-04 2.443497e-03 9.937734e-01
7.870000e+01 3.579291e-03 2.001098e-04 2.410602e-03 9.938100e-01
7.880000e+01 3.578558e-03 1.971640e-04 2.378145e-03 9.938461e-01
7.890000e+01 3.577836e-03 1.942629e-04 2.346119e-03 9.938818e-01
7.900000e+01 3.577123e-03 1.914056e-04 2.314520e-03 9.939170e-01
7.910000e+01 3.576419e-03 1.885915e-04 2.283341e-03 9.939516e-01
7.920000e+01 3.575726e-03 1.858200e-04 2.252578e-03 9.939859e-01
7.930000e+01 3.575042e-03 1.830903e-04 2.222224e-03 9.940196e-01
7.940000e+01 3.574367e-03 1.804019e-04 2.192275e-03 9.940530e-01
7.950000e+01 3.573701e-03 1.777540e-04 2.162725e-03 9.940858e-01
7.960000e+01 3.573045e-03 1.751461e-04 2.133569e-03 9.941182e-01
7.970000e+01 3.572397e-03 1.725774e-04 2.104801e-03 9.941502e-01
7.980000e+01 3.571759e-03 1.700475e-04 2.076417e-03 9.941818e-01
7.990000e+01 3.571129e-03 1.675557e-04 2.048412e-03 9.942129e-01
8.000000e+01 3.570507e-03 1.651014e-04 2.020781e-03 9.942436e-01
8.010000e+01 3.569894e-03 1.626840e-04 1.993518e-03 9.942739e-01
8.020000e+01 3.569290e-03 1.603030e-04 1.966619e-03 9.943038e-01
8.030000e+01 3.568694e-03 1.579577e-04 1.940080e-03 9.943333e-01
8.040000e+01 3.568106e-03 1.556477e-04 1.913895e-03 9.943624e-01
8.050000e+01 3.567525e-03 1.533723e-04 1.888060e-03 9.943910e-01
8.060000e+01 3.566953e-03 1.511311e-04 1.862569e-03 9.944193e-01
8.070000e+01 3.566389e-03 1.489235e-04 1.837420e-03 9.944473e-01
8.080000e+01 3.565832e-03 1.467490e-04 1.812607e-03 9.944748e-01
8.090000e+01 3.565283e-03 1.446071e-04 1.788125e-03 9.945020e-01
8.100000e+01 3.564742e-03 1.424973e-04 1.763971e-03 9.945288e-01
8.110000e+01 3.564208e-03 1.404190e-04 1.740140e-03 9.945552e-01
8.120000e+01 3.563681e-03 1.383719e-04 1.716628e-03 9.945813e-01
8.130000e+01 3.563161e-03 1.363553e-04 1.693430e-03 9.946071e-01
8.140000e+01 3.562649e-03 1.343689e-04 1.670543e-03 9.946324e-01
8.150000e+01 3.562143e-03 1.324122e-04 1.647963e-03 9.946575e-01
8.160000e+01 3.561645e-03 1.304846e-04 1.625684e-03 9.946822e-01
8.170000e+01 3.561153e-03 1.285859e-04 1.603705e-03 9.947066e-01
8.180000e+01 3.560668e-03 1.267155e-04 1.582019e-03 9.947306e-01
8.190000e+01 3.560189e-03 1.248729e-04 1.560624e-03 9.947543e-01
8.200000e+01 3.559717e-03 1.230578e-04 1.539516e-03 9.947777e-01
8.210000e+01 3.559252e-03 1.212698e-04 1.518691e-03 9.948008e-01
8.220000e+01 3.558793e-03 1.195084e-04 1.498145e-03 9.948236e-01
8.230000e+01 3.558340e-03 1.177732e-04 1.477874e-03 9.948460e-01
8.240000e+01 3.557893e-03 1.160638e-04 1.457875e-03 9.948682e-01
8.250000e+01 3.557452e-03 1.143798e-04 1.438145e-03 9.948900e-01
8.260000e+01 3.557018e-03 1.127208e-04 1.418679e-03 9.949116e-01
8.270000e+01 3.556589e-03 1.110865e-04 1.399475e-03 9.949328e-01
8.280000e+01 3.556166e-03 1.094764e-04 1.380528e-03 9.949538e-01
8.290000e+01 3.555749e-03 1.078903e-04 1.361836e-03 9.949745e-01
8.300000e+01 3.555338e-03 1.063276e-04 1.343394e-03 9.949949e-01
8.310000e+01 3.554932e-03 1.047882e-04 1.325201e-03 9.950151e-01
8.320000e+01 3.554532e-03 1.032715e-04 1.307251e-03 9.950349e-01
8.330000e+01 3.554137e-03 1.017773e-04 1.289543e-03 9.950545e-01
8.340000e+01 3.553748e-03 1.003053e-04 1.272073e-03 9.950739e-01
8.350000e+01 3.553364e-03 9.885497e-05 1.254837e-03 9.950929e-01
8.360000e+01 3.552985e-03 9.742614e-05 1.237833e-03 9.951118e-01
8.370000e+01 3.552612e-03 9.601843e-05 1.221058e-03 9.951303e-01
8.380000e+01 3.552243e-03 9.463153e-05 1.204509e-03 9.951486e-01
8.390000e+01 3.551880e-03 9.326512e-05 1.188181e-03 9.951667e-01
8.400000e+01 3.551521e-03 9.191888e-05 1.172074e-03 9.951845e-01
8.410000e+01 3.551168e-03 9.059252e-05 1.156183e-03 9.952021e-01
8.420000e+01 3.550819e-03 8.928572e-05 1.140506e-03 9.952194e-01
8.430000e+01 3.550475e-03 8.799819e-05 1.125040e-03 9.952365e-01
8.440000e+01 3.550136e-03 8.672964e-05 1.109782e-03 9.952534e-01
8.450000e+01 3.549801e-03 8.547978e-05 1.094730e-03 9.952700e-01
8.460000e+01 3.549471e-03 8.424832e-05 1.079880e-03 9.952864e-01
8.470000e+01 3.549145e-03 8.303499e-05 1.065230e-03 9.953026e-01
8.480000e+01 3.548824e-03 8.183952e-05 1.050778e-03 9.953186e-01
8.490000e+01 3.548507e-03 8.066163e-05 1.036520e-03 9.953343e-01
8.500000e+01 3.548195e-03 7.950106e-05 1.022454e-03 9.953498e-01
8.510000e+01 3.547887e-03 7.835754e-05 1.008578e-03 9.953652e-01
8.520000e+01 3.547583e-03 7.723082e-05 9.948888e-04 9.953803e-01
8.530000e+01 3.547283e-03 7.612065e-05 9.813842e-04 9.953952e-01
8.540000e+01 3.546987e-03 7.502676e-05 9.680615e-04 9.954099e-01
8.550000e+01 3.546695e-03 7.394893e-05 9.549186e-04 9.954244e-01
8.560000e+01 3.546408e-03 7.288691e-05 9.419528e-04 9.954388e-01
8.570000e+01 3.546124e-03 7.184045e-05 9.291619e-04 9.954529e-01
8.580000e+01 3.545844e-03 7.080932e-05 9.165435e-04 9.954668e-01
8.590000e+01 3.545568e-03 6.979330e-05 9.040954e-04 9.954805e-01
8.600000e+01 3.545296e-03 6.879216e-05 8.918152e-04 9.954941e-01
8.610000e+01 3.545027e-03 6.780566e-05 8.797008e-04 9.955075e-01
8.620000e+01 3.544762e-03 6.683360e-05 8.677498e-04 9.955207e-01
8.630000e+01 3.544501e-03 6.587575e-05 8.559602e-04 9.955337e-01
8.640000e+01 3.544243e-03 6.493191e-05 8.443298e-04 9.955465e-01
8.650000e+01 3.543989e-03 6.400185e-05 8.328563e-04 9.955592e-01
8.660000e+01 3.543738e-03 6.308538e-05 8.215379e-04 9.955716e-01
8.670000e+01 3.543491e-03 6.218229e-05 8.103722e-04 9.955840e-01
8.680000e+01 3.543247e-03 6.129238e-05 7.993575e-04 9.955961e-01
8.690000e+01 3.543006e-03 6.041545e-05 7.884915e-04 9.956081e-01
8.700000e+01 3.542769e-03 5.955132e-05 7.777723e-04 9.956199e-01
8.710000e+01 3.542535e-03 5.869978e-05 7.671980e-04 9.956316e-01
8.720000e+01 3.542304e-03 5.786064e-05 7.567666e-04 9.956431e-01
8.730000e+01 3.542076e-03 5.703374e-05 7.464762e-04 9.956544e-01
8.740000e+01 3.541852e-03 5.621887e-05 7.363249e-04 9.956656e-01
8.750000e+01 3.541630e-03 5.541586e-05 7.263108e-04 9.956766e-01
8.760000e+01 3.541412e-03 5.462454e-05 7.164322e-04 9.956875e-01
8.770000e+01 3.541196e-03 5.384472e-05 7.066871e-04 9.956983e-01
8.780000e+01 3.540984e-03 5.307625e-05 6.970739e-04 9.957089e-01
8.790000e+01 3.540774e-03 5.231894e-05 6.875907e-04 9.957193e-01
8.800000e+01 3.540567e-03 5.157263e-05 6.782358e-04 9.957296e-01
8.810000e+01 3.540363e-03 5.083717e-05 6.690074e-04 9.957398e-01
8.820000e+01 3.540162e-03 5.011238e-05 6.599040e-04 9.957498e-01
8.830000e+01 3.539963e-03 4.939811e-05 6.509237e-04 9.957597e-01
8.840000e+01 3.539768e-03 4.869420e-05 6.420650e-04 9.957695e-01
8.850000e+01 3.539575e-03 4.800050e-05 6.333263e-04 9.957791e-01
8.860000e+01 3.539384e-03 4.731686e-05 6.247058e-04 9.957886e-01
8.870000e+01 3.539196e-03 4.664312e-05 6.162020e-04 9.957980e-01
8.880000e+01 3.539011e-03 4.597915e-05 6.078134e-04 9.958072e-01
8.890000e+01 3.538828e-03 4.532479e-05 5.995384e-04 9.958163e-01
8.900000e+01 3.538648e-03 4.467990e-05 5.913755e-04 9.958253e-01
8.910000e+01 3.538470e-03 4.404435e-05 5.833232e-04 9.958342e-01
8.920000e+01 3.538295e-03 4.341799e-05 5.753799e-04 9.958429e-01
8.930000e+01 3.538122e-03 4.280069e-05 5.675443e-04 9.958515e-01
8.940000e+01 3.537951e-03 4.219231e-05 5.598149e-04 9.958600e-01
8.950000e+01 3.537783e-03 4.159272e-05 5.521902e-04 9.958684e-01
8.960000e+01 3.537617e-03 4.100180e-05 5.446688e-04 9.958767e-01
8.970000e+01 3.537454e-03 4.041941e-05 5.372494e-04 9.958849e-01
8.980000e+01 3.537292e-03 3.984543e-05 5.299306e-04 9.958929e-01
8.990000e+01 3.537133e-03 3.927973e-05 5.227110e-04 9.959009e-01
9.000000e+01 3.536976e-03 3.872220e-05 5.155893e-04 9.959087e-01
9.010000e+01 3.536821e-03 3.817270e-05 5.085641e-04 9.959164e-01
9.020000e+01 3.536668e-03 3.763113e-05 5.016343e-04 9.959241e-01
9.030000e+01 3.536517e-03 3.709736e-05 4.947984e-04 9.959316e-01
9.040000e+01 3.536369e-03 3.657129e-05 4.880553e-04 9.959390e-01
9.050000e+01 3.536222e-03 3.605279e-05 4.814036e-04 9.959463e-01
9.060000e+01 3.536078e-03 3.554176e-05 4.748422e-04 9.959535e-01
9.070000e+01 3.535935e-03 3.503809e-05 4.683698e-04 9.959607e-01
9.080000e+01 3.535794e-03 3.454166e-05 4.619853e-04 9.959677e-01
9.090000e+01 3.535655e-03 3.405237e-05 4.556874e-04 9.959746e-01
9.100000e+01 3.535519e-03 3.357013e-05 4.494750e-04 9.959814e-01
9.110000e+01 3.535384e-03 3.309481e-05 4.433469e-04 9.959882e-01
9.120000e+01 3.535250e-03 3.262633e-05 4.373020e-04 9.959948e-01
9.130000e+01 3.535119e-03 3.216457e-05 4.313392e-04 9.960014e-01
9.140000e+01 3.534990e-03 3.170945e-05 4.254573e-04 9.960078e-01
9.150000e+01 3.534862e-03 3.126087e-05 4.196553e-04 9.960142e-01
9.160000e+01 3.534736e-03 3.081872e-05 4.139321e-04 9.960205e-01
9.170000e+01 3.534611e-03 3.038292e-05 4.082866e-04 9.960267e-01
9.180000e+01 3.534489e-03 2.995337e-05 4.027178e-04 9.960328e-01
9.190000e+01 3.534368e-03 2.952999e-05 3.972247e-04 9.960389e-01
9.200000e+01 3.534249e-03 2.911267e-05 3.918061e-04 9.960448e-01
9.210000e+01 3.534131e-03 2.870133e-05 3.864612e-04 9.960507e-01
9.220000e+01 3.534015e-03 2.829589e-05 3.811890e-04 9.960565e-01
9.230000e+01 3.533901e-03 2.789626e-05 3.759883e-04 9.960622e-01
9.240000e+01 3.533788e-03 2.750235e-05 3.708584e-04 9.960679e-01
9.250000e+01 3.533676e-03 2.711408e-05 3.657981e-04 9.960734e-01
9.260000e+01 3.533567e-03 2.673136e-05 3.608067e-04 9.960789e-01
9.270000e+01 3.533458e-03 2.635413e-05 3.558831e-04 9.960843e-01
9.280000e+01 3.533351e-03 2.598229e-05 3.510264e-04 9.960896e-01
9.290000e+01 3.533246e-03 2.561576e-05 3.462358e-04 9.960949e-01
9.300000e+01 3.533142e-03 2.525448e-05 3.415103e-04 9.961001e-01
9.310000e+01 3.533040e-03 2.489836e-05 3.368490e-04 9.961052e-01
9.320000e+01 3.532939e-03 2.454733e-05 3.322512e-04 9.961103e-01
9.330000e+01 3.532839e-03 2.420131e-05 3.277159e-04 9.961152e-01
9.340000e+01 3.532740e-03 2.386024e-05 3.232422e-04 9.961202e-01
9.350000e+01 3.532643e-03 2.352403e-05 3.188294e-04 9.961250e-01
9.360000e+01 3.532548e-03 2.319262e-05 3.144767e-04 9.961298e-01
9.370000e+01 3.532453e-03 2.286595e-05 3.101831e-04 9.961345e-01
9.380000e+01 3.532360e-03 2.254393e-05 3.059480e-04 9.961391e-01
9.390000e+01 3.532268e-03 2.222650e-05 3.017705e-04 9.961437e-01
9.400000e+01 3.532178e-03 2.191361e-05 2.976499e-04 9.961483e-01
9.410000e+01 3.532089e-03 2.160517e-05 2.935853e-04 9.961527e-01
9.420000e+01 3.532001e-03 2.130112e-05 2.895760e-04 9.961571e-01
9.430000e+01 3.531914e-03 2.100141e-05 2.856213e-04 9.961615e-01
9.440000e+01 3.531828e-03 2.070597e-05 2.817205e-04 9.961657e-01
9.450000e+01 3.531743e-03 2.041474e-05 2.778727e-04 9.961700e-01
9.460000e+01 3.531660e-03 2.012765e-05 2.740773e-04 9.961741e-01
9.470000e+01 3.531578e-03 1.984464e-05 2.703336e-04 9.961782e-01
9.480000e+01 3.531497e-03 1.956567e-05 2.666409e-04 9.961823e-01
9.490000e+01 3.531417e-03 1.929066e-05 2.629984e-04 9.961863e-01
9.500000e+01 3.531338e-03 1.901956e-05 2.594056e-04 9.961902e-01
9.510000e+01 3.531260e-03 1.875232e-05 2.558616e-04 9.961941e-01
9.520000e+01 3.531183e-03 1.848888e-05 2.523660e-04 9.961980e-01
9.530000e+01 3.531108e-03 1.822918e-05 2.489179e-04 9.962017e-01
9.540000e+01 3.531033e-03 1.797317e-05 2.455168e-04 9.962055e-01
9.550000e+01 3.530959e-03 1.772080e-05 2.421621e-04 9.962092e-01
9.560000e+01 3.530887e-03 1.747201e-05 2.388530e-04 9.962128e-01
9.570000e+01 3.530815e-03 1.722675e-05 2.355891e-04 9.962164e-01
9.580000e+01 3.530744e-03 1.698497e-05 2.323696e-04 9.962199e-01
9.590000e+01 3.530675e-03 1.674663e-05 2.291939e-04 9.962234e-01
9.600000e+01 3.530606e-03 1.651167e-05 2.260616e-04 9.962268e-01
9.610000e+01 3.530538e-03 1.628004e-05 2.229719e-04 9.962302e-01
9.620000e+01 3.530471e-03 1.605169e-05 2.199243e-04 9.962336e-01
9.630000e+01 3.530405e-03 1.582659e-05 2.169183e-04 9.962368e-01
9.640000e+01 3.530340e-03 1.560467e-05 2.139532e-04 9.962401e-01
9.650000e+01 3.530276e-03 1.538590e-05 2.110286e-04 9.962433e-01
9.660000e+01 3.530213e-03 1.517023e-05 2.081438e-04 9.962465e-01
9.670000e+01 3.530150e-03 1.495761e-05 2.052983e-04 9.962496e-01
9.680000e+01 3.530089e-03 1.474801e-05 2.024917e-04 9.962527e-01
9.690000e+01 3.530028e-03 1.454137e-05 1.997233e-04 9.962557e-01
9.700000e+01 3.529968e-03 1.433766e-05 1.969926e-04 9.962587e-01
9.710000e+01 3.529909e-03 1.413683e-05 1.942992e-04 9.962617e-01
9.720000e+01 3.529851e-03 1.393884e-05 1.916425e-04 9.962646e-01
9.730000e+01 3.529793e-03 1.374366e-05 1.890221e-04 9.962674e-01
9.740000e+01 3.529737e-03 1.355123e-05 1.864374e-04 9.962703e-01
9.750000e+01 3.529681e-03 1.336153e-05 1.838879e-04 9.962731e-01
9.760000e+01 3.529625e-03 1.317451e-05 1.813732e-04 9.962758e-01
9.770000e+01 3.529571e-03 1.299013e-05 1.788928e-04 9.962785e-01
9.780000e+01 3.529517e-03 1.280836e-05 1.764463e-04 9.962812e-01
9.790000e+01 3.529465e-03 1.262915e-05 1.740331e-04 9.962839e-01
9.800000e+01 3.529412e-03 1.245248e-05 1.716528e-04 9.962865e-01
9.810000e+01 3.529361e-03 1.227830e-05 1.693051e-04 9.962891e-01
9.820000e+01 3.529310e-03 1.210658e-05 1.669893e-04 9.962916e-01
9.830000e+01 3.529260e-03 1.193729e-05 1.647052e-04 9.962941e-01
9.840000e+01 3.529211e-03 1.177039e-05 1.624522e-04 9.962966e-01
9.850000e+01 3.529162e-03 1.160584e-05 1.602299e-04 9.962990e-01
9.860000e+01 3.529114e-03 1.144361e-05 1.580380e-04 9.963014e-01
9.870000e+01 3.529067e-03 1.128367e-05 1.558760e-04 9.963038e-01
9.880000e+01 3.529020e-03 1.112599e-05 1.537435e-04 9.963061e-01
9.890000e+01 3.528974e-03 1.097053e-05 1.516402e-04 9.963084e-01
9.900000e+01 3.528928e-03 1.081726e-05 1.495655e-04 9.963107e-01
9.910000e+01 3.528883e-03 1.066616e-05 1.475191e-04 9.963129e-01
9.920000e+01 3.528839e-03 1.051718e-05 1.455007e-04 9.963151e-01
9.930000e+01 3.528796e-03 1.037030e-05 1.435099e-04 9.963173e-01
9.940000e+01 3.528753e-03 1.022549e-05 1.415462e-04 9.963195e-01
9.950000e+01 3.528710e-03 1.008272e-05 1.396093e-04 9.963216e-01
9.960000e+01 3.528668e-03 9.941966e-06 1.376989e-04 9.963237e-01
9.970000e+01 3.528627e-03 9.803190e-06 1.358145e-04 9.963258e-01
9.980000e+01 3.528586e-03 9.666367e-06 1.339559e-04 9.963278e-01
9.990000e+01 3.528546e-03 9.531470e-06 1.321227e-04 9.963298e-01
1.000000e+02 3.528507e-03 9.398472e-06 1.303145e-04 9.963318e-01
