8.416162e-01 7.910097e-01 2 2500 0
5.680424e-01 7.610548e-01 1 2500 1
5.686619e-01 4.389564e-01 1 2500 2
8.456233e-01 4.056183e-01 1 2500 3
7.610049e-01 7.883921e-01 2 2500 3
3.203107e-01 7.177388e-01 1 2500 4
2.238611e-01 6.296719e-01 1 2500 5
2.827902e-01 8.110141e-01 1 2500 6
7.638424e-01 4.976913e-01 1 2500 7
7.782026e-01 8.877630e-01 2 2500 7
6.242364e-02 4.805902e-01 1 2500 8
7.149959e-02 2.045064e-01 1 2500 9
6.793813e-01 5.369081e-01 1 2500 10
1.526606e-01 5.876902e-01 1 2500 11
7.235628e-01 7.762764e-01 2 2500 11
3.191160e-01 6.585721e-01 1 2500 12
4.216384e-01 4.039993e-01 1 2500 13
1.219930e-01 1.183925e-01 1 2500 14
1.297217e-01 6.648226e-01 1 2500 15
3.076624e-01 2.368507e-01 1 2500 16
5.447385e-01 4.391750e-01 1 2500 17
2.114296e-01 5.650008e-01 1 2500 18
1.343830e-01 9.097745e-01 1 2500 19
5.793586e-01 6.635795e-01 1 2500 20
9.104647e-01 4.656936e-01 2 2500 20
7.632509e-01 1.702018e-01 1 2500 21
5.679302e-01 4.853296e-01 1 2500 22
2.122527e-01 3.773418e-01 1 2500 23
9.664864e-01 8.142828e-01 2 2500 23
9.113380e-01 4.998694e-02 1 2500 24
5.040263e-01 7.372671e-01 1 2500 25
4.129215e-01 4.752931e-02 1 2500 26
7.401750e-01 7.103514e-01 2 2500 26
5.605238e-02 1.312614e-02 1 2500 27
2.604069e-01 2.616319e-01 1 2500 28
8.960124e-01 2.004848e-01 1 2500 29
3.407204e-01 1.493717e-01 1 2500 30
1.211558e-01 4.004734e-01 1 2500 31
5.071185e-01 6.499617e-01 1 2500 32
7.788752e-01 9.575624e-01 2 2500 32
8.441979e-01 8.068436e-03 1 2500 33
1.590938e-01 9.177599e-01 1 2500 34
5.430177e-01 2.116544e-01 1 2500 35
1.062277e-01 5.746913e-01 1 2500 36
5.019787e-01 9.609311e-01 2 2500 36
8.548511e-01 9.192680e-01 2 2500 36
6.981549e-01 9.049946e-01 2 2500 36
5.964104e-01 7.961164e-01 1 2500 37
4.168334e-01 9.777351e-01 2 2500 37
5.186910e-01 1.942582e-01 1 2500 38
3.247575e-02 8.686004e-01 1 2500 39
6.556377e-01 5.208208e-01 1 2500 40
3.309829e-01 3.313017e-01 1 2500 41
8.332412e-01 9.311554e-01 2 2500 41
5.730367e-02 5.403850e-01 1 2500 42
6.434453e-01 5.662447e-01 1 2500 43
5.994481e-01 8.533624e-01 2 2500 43
9.500592e-01 1.451999e-01 1 2500 44
2.001991e-01 3.634350e-01 1 2500 45
5.846039e-01 7.763481e-01 1 2500 46
4.624249e-01 4.349099e-01 1 2500 47
1.170618e-01 1.878650e-01 1 2500 48
6.093293e-01 4.945549e-01 1 2500 49
6.594646e-01 4.675952e-01 1 2500 50
8.821672e-01 7.785553e-01 2 2500 50
9.866977e-01 1.183157e-01 1 2500 51
4.235210e-01 6.763650e-01 1 2500 52
6.866233e-01 6.305151e-01 1 2500 53
1.580630e-01 7.414292e-01 1 2500 54
9.194706e-01 3.817158e-01 1 2500 55
1.765426e-01 5.092900e-01 1 2500 56
2.916171e-01 5.053682e-01 1 2500 57
9.323689e-01 8.883238e-01 2 2500 57
1.857951e-01 3.284788e-01 1 2500 58
9.542080e-01 4.233497e-01 2 2500 58
6.709554e-01 2.818225e-01 1 2500 59
7.367321e-02 3.835244e-01 1 2500 60
4.378817e-01 1.329555e-02 1 2500 61
1.336609e-01 8.401114e-01 1 2500 62
1.030036e-01 4.979860e-01 1 2500 63
7.674077e-01 2.279759e-01 1 2500 64
8.450024e-01 4.481999e-01 1 2500 65
5.798601e-01 7.287104e-01 1 2500 66
4.338566e-01 1.732983e-01 1 2500 67
5.479337e-02 7.467094e-01 1 2500 68
9.857043e-01 2.461854e-02 1 2500 69
5.062972e-01 3.182656e-01 1 2500 70
4.083680e-01 8.848285e-01 1 2500 71
1.042674e-01 7.108509e-01 1 2500 72
1.188168e-01 9.642333e-01 1 2500 73
4.896871e-02 2.958005e-01 1 2500 74
6.764957e-01 2.788296e-01 1 2500 75
2.651751e-01 1.251063e-01 1 2500 76
1.604114e-02 7.724555e-03 1 2500 77
3.032297e-01 9.721998e-01 2 2500 77
2.457013e-02 5.797624e-01 1 2500 78
7.608280e-01 6.623825e-01 2 2500 78
6.198025e-02 5.744325e-01 1 2500 79
7.561094e-01 9.639945e-01 2 2500 79
7.062355e-02 7.351139e-02 1 2500 80
4.512291e-01 5.042916e-01 1 2500 81
1.499728e-01 5.151986e-01 1 2500 82
7.794144e-01 1.131638e-01 1 2500 83
1.717966e-02 9.219570e-01 1 2500 84
3.288624e-01 9.320906e-01 1 2500 85
1.352452e-01 8.602907e-01 1 2500 86
4.301694e-01 9.533551e-01 2 2500 86
2.828541e-01 4.977327e-01 1 2500 87
7.290089e-01 1.140563e-01 1 2500 88
4.353947e-01 9.973212e-01 2 2500 88
2.161937e-01 1.069789e-01 1 2500 89
7.339464e-01 2.851943e-01 1 2500 90
7.702136e-02 1.914613e-01 1 2500 91
3.145421e-01 2.703805e-01 1 2500 92
5.983943e-01 7.590315e-01 1 2500 93
4.236707e-01 2.388959e-01 1 2500 94
6.922747e-01 5.129727e-01 1 2500 95
6.569422e-01 5.356282e-01 1 2500 96
1.697360e-01 8.012084e-01 1 2500 97
4.501314e-01 5.761562e-01 1 2500 98
6.300222e-01 3.990931e-01 1 2500 99
8.953476e-01 9.874462e-01 2 2500 99
3.412171e-03 6.548864e-01 1 2500 100
2.459134e-01 7.307772e-03 1 2500 101
9.640892e-01 2.094101e-01 1 2500 102
5.393389e-02 9.005810e-01 1 2500 103
3.851905e-01 8.571793e-01 1 2500 104
4.140493e-01 4.644593e-01 1 2500 105
4.226118e-01 6.385008e-01 1 2500 106
1.950769e-01 8.712559e-01 1 2500 107
6.066315e-01 5.323462e-01 1 2500 108
5.491446e-02 4.943375e-01 1 2500 109
3.935642e-01 2.764999e-01 1 2500 110
2.899480e-01 3.052326e-01 1 2500 111
6.692593e-02 4.445792e-01 1 2500 112
6.482874e-01 5.376532e-01 1 2500 113
4.735783e-01 8.859446e-01 2 2500 113
3.257533e-01 7.646935e-01 1 2500 114
3.075440e-01 7.513812e-01 1 2500 115
4.696118e-01 9.729205e-01 2 2500 115
1.398183e-01 4.827880e-01 1 2500 116
4.626716e-01 9.342162e-01 2 2500 116
9.613926e-01 1.927847e-01 1 2500 117
6.655868e-01 6.392581e-01 1 2500 118
2.384328e-01 3.600303e-02 1 2500 119
1.984497e-01 5.005108e-01 1 2500 120
8.650663e-01 8.853954e-01 2 2500 120
7.613823e-01 7.146919e-01 2 2500 120
3.285295e-01 3.057298e-01 1 2500 121
6.128885e-01 8.101967e-01 2 2500 121
8.416521e-01 7.934125e-01 2 2500 121
3.435702e-01 3.161281e-01 1 2500 122
6.275677e-01 9.857272e-01 2 2500 122
8.182611e-01 6.267615e-01 2 2500 122
6.787763e-01 5.431652e-01 1 2500 123
2.645938e-01 9.081983e-02 1 2500 124
3.448268e-01 9.852217e-01 2 2500 124
6.803151e-01 9.664534e-01 2 2500 124
2.025940e-01 6.581959e-04 1 2500 125
8.377648e-01 4.786012e-01 1 2500 126
2.836395e-01 7.381214e-01 1 2500 127
5.392068e-01 7.857381e-01 1 2500 128
9.724682e-01 9.112778e-01 2 2500 128
8.867491e-01 9.091057e-01 2 2500 128
4.895412e-01 3.840482e-01 1 2500 129
8.981731e-01 4.385704e-01 1 2500 130
2.557305e-01 7.661733e-02 1 2500 131
8.823158e-01 7.439364e-01 2 2500 131
5.422874e-01 8.685671e-01 2 2500 131
7.617072e-01 6.893182e-01 2 2500 131
4.350720e-01 4.367218e-01 1 2500 132
8.800300e-01 3.117908e-02 1 2500 133
2.712790e-01 4.528516e-01 1 2500 134
2.311976e-01 3.386878e-01 1 2500 135
7.609841e-01 7.567494e-01 2 2500 135
7.179888e-01 6.697909e-01 1 2500 136
2.593346e-01 4.066359e-01 1 2500 137
7.362484e-01 5.318724e-01 1 2500 138
3.802456e-01 6.290962e-01 1 2500 139
9.895106e-01 7.240967e-01 2 2500 139
1.265802e-01 6.375563e-03 1 2500 140
7.450987e-01 4.833034e-01 1 2500 141
5.496492e-01 5.483645e-01 1 2500 142
8.913255e-01 8.683178e-01 2 2500 142
7.969319e-01 8.807222e-01 2 2500 142
1.760963e-01 9.694281e-01 1 2500 143
7.099449e-01 9.155896e-01 2 2500 143
1.393690e-01 7.366096e-01 1 2500 144
9.666407e-01 7.733690e-01 2 2500 144
8.300261e-02 2.656238e-01 1 2500 145
3.601928e-01 7.843578e-02 1 2500 146
7.491683e-01 1.544071e-01 1 2500 147
8.869650e-01 4.889735e-01 2 2500 147
9.128626e-01 5.382430e-01 2 2500 147
5.068230e-01 4.987365e-01 1 2500 148
1.505375e-01 2.715666e-01 1 2500 149
2.623905e-02 7.327278e-01 1 2500 150
1.132968e-01 1.485151e-01 1 2500 151
9.854704e-01 4.520069e-02 1 2500 152
6.726374e-01 1.146904e-01 1 2500 153
8.686524e-01 3.080892e-01 1 2500 154
1.856676e-01 3.468672e-01 1 2500 155
1.857063e-02 7.355561e-01 1 2500 156
5.450110e-01 3.005368e-01 1 2500 157
8.074248e-01 9.337902e-02 1 2500 158
1.131063e-02 6.072782e-01 1 2500 159
5.590576e-01 5.888310e-01 1 2500 160
9.198491e-02 7.785192e-01 1 2500 161
4.362817e-01 3.065545e-01 1 2500 162
7.287096e-01 5.266492e-01 1 2500 163
5.229843e-01 2.688496e-02 1 2500 164
7.688395e-01 8.419432e-01 2 2500 164
8.737112e-01 4.692277e-01 1 2500 165
1.956590e-01 3.111902e-01 1 2500 166
8.849291e-01 3.891334e-01 1 2500 167
4.377487e-01 2.675031e-01 1 2500 168
2.947894e-02 9.002283e-03 1 2500 169
8.896292e-01 7.435209e-01 2 2500 169
6.148646e-01 5.398260e-01 1 2500 170
9.274092e-01 5.801584e-01 2 2500 170
4.509240e-01 5.646454e-01 1 2500 171
4.312243e-01 4.879145e-01 1 2500 172
9.893821e-01 2.123531e-01 2 2500 172
7.398558e-01 6.615293e-01 1 2500 173
3.009167e-03 5.951975e-01 1 2500 174
5.925430e-01 5.807107e-01 1 2500 175
4.434395e-01 4.549355e-01 1 2500 176
8.204112e-01 2.883070e-01 1 2500 177
1.628371e-01 5.712472e-01 1 2500 178
2.250588e-01 8.119156e-01 1 2500 179
7.790820e-01 2.365820e-01 1 2500 180
2.548547e-01 8.763054e-01 1 2500 181
6.096278e-02 5.773452e-01 1 2500 182
4.471990e-01 8.683865e-01 1 2500 183
2.850201e-01 7.257324e-01 1 2500 184
7.931943e-01 6.078683e-01 1 2500 185
2.099564e-01 8.250677e-01 1 2500 186
6.348876e-01 8.692690e-01 2 2500 186
6.544904e-01 6.555401e-01 1 2500 187
8.529560e-01 2.836540e-01 1 2500 188
1.012007e-01 5.254842e-01 1 2500 189
2.266451e-01 1.369169e-01 1 2500 190
8.905486e-01 8.036653e-02 1 2500 191
1.594609e-01 9.529188e-01 1 2500 192
6.460746e-02 2.030075e-01 1 2500 193
8.384486e-01 8.367518e-01 2 2500 193
9.926072e-01 4.606553e-01 2 2500 193
7.556522e-01 9.166277e-01 2 2500 193
3.174247e-01 6.239397e-01 1 2500 194
5.740739e-01 2.200636e-01 1 2500 195
4.238730e-02 5.632936e-01 1 2500 196
9.411186e-01 7.208174e-02 1 2500 197
4.219134e-01 6.199684e-01 1 2500 198
6.190221e-01 3.652234e-01 1 2500 199
3.342041e-01 3.815538e-01 1 2500 200
1.161805e-01 3.265770e-01 1 2500 201
8.578130e-01 5.050346e-01 1 2500 202
6.582573e-01 2.185869e-01 1 2500 203
5.047305e-01 7.923184e-02 1 2500 204
5.072347e-01 3.232101e-01 1 2500 205
2.437789e-01 2.138126e-01 1 2500 206
8.948492e-01 6.743141e-01 2 2500 206
1.832197e-02 9.247355e-01 1 2500 207
4.203090e-02 1.240328e-01 1 2500 208
6.160174e-01 3.047656e-01 1 2500 209
5.961609e-01 6.921585e-01 1 2500 210
5.616873e-01 2.364962e-01 1 2500 211
9.689008e-01 3.806667e-01 2 2500 211
3.482374e-01 2.687866e-01 1 2500 212
7.054719e-02 4.170747e-01 1 2500 213
4.640265e-01 4.983747e-01 1 2500 214
5.256785e-01 1.376735e-01 1 2500 215
3.679266e-01 7.768170e-01 1 2500 216
4.582726e-01 7.287763e-01 1 2500 217
4.779075e-01 3.298695e-01 1 2500 218
3.276302e-02 5.716399e-01 1 2500 219
6.677224e-01 5.597664e-01 1 2500 220
6.045641e-01 9.495274e-01 2 2500 220
2.009383e-01 8.942913e-01 1 2500 221
3.202086e-02 4.789287e-01 1 2500 222
1.534663e-01 7.174178e-01 1 2500 223
6.670312e-01 5.269058e-01 1 2500 224
1.029440e-01 8.104229e-02 1 2500 225
4.830057e-01 2.586588e-01 1 2500 226
9.102357e-01 4.098275e-01 1 2500 227
7.546180e-01 2.760867e-01 1 2500 228
2.078321e-01 1.550419e-01 1 2500 229
7.566604e-01 6.680122e-01 2 2500 229
5.166113e-01 4.313845e-01 1 2500 230
4.960381e-01 9.481971e-01 2 2500 230
3.743232e-01 9.430244e-01 2 2500 230
6.954842e-01 4.210492e-01 1 2500 231
1.946136e-01 5.059643e-01 1 2500 232
1.645345e-02 2.254151e-01 1 2500 233
9.766090e-01 3.748983e-01 2 2500 233
7.732621e-01 4.691637e-02 1 2500 234
4.641933e-01 4.274099e-01 1 2500 235
6.156805e-01 9.689786e-01 2 2500 235
9.181017e-01 3.052144e-01 1 2500 236
7.912096e-02 2.063569e-01 1 2500 237
1.382230e-01 9.822202e-01 1 2500 238
3.508974e-01 4.190526e-01 1 2500 239
9.199740e-01 4.667724e-01 2 2500 239
8.987491e-01 8.996613e-03 1 2500 240
9.592077e-01 7.618887e-01 2 2500 240
7.221292e-01 3.627836e-01 1 2500 241
6.209260e-02 5.382327e-02 1 2500 242
7.769165e-01 2.123949e-01 1 2500 243
9.649475e-01 3.197279e-01 2 2500 243
9.220777e-01 9.471488e-01 2 2500 243
6.923039e-01 8.282771e-01 2 2500 243
8.536104e-01 7.327485e-01 2 2500 243
4.603192e-01 9.393046e-01 2 2500 243
3.551570e-01 7.797671e-01 1 2500 244
8.560461e-02 2.219253e-01 1 2500 245
7.783202e-01 2.054435e-02 1 2500 246
8.042177e-01 2.963498e-01 1 2500 247
8.258126e-02 5.307538e-01 1 2500 248
4.778309e-01 9.383659e-01 2 2500 248
2.822188e-01 7.640405e-01 1 2500 249
9.931563e-01 7.373256e-01 2 2500 249
3.037023e-01 7.586799e-01 1 2500 250
2.611995e-01 2.419900e-02 1 2500 251
3.230619e-02 4.721735e-01 1 2500 252
5.159008e-01 1.448178e-02 1 2500 253
4.839810e-01 4.943233e-01 1 2500 254
8.491919e-02 5.143805e-01 1 2500 255
4.393637e-01 1.640128e-01 1 2500 256
8.819726e-01 8.365223e-01 2 2500 256
6.752579e-01 3.331812e-01 1 2500 257
6.039101e-01 6.167469e-01 1 2500 258
3.349940e-01 7.421488e-01 1 2500 259
9.225163e-01 8.369939e-01 2 2500 259
1.827808e-01 1.324548e-01 1 2500 260
8.369990e-01 9.677720e-01 2 2500 260
1.089327e-01 2.725592e-01 1 2500 261
6.698698e-01 4.703688e-01 1 2500 262
1.624867e-01 8.103229e-01 1 2500 263
1.552292e-01 8.623572e-01 1 2500 264
9.732435e-01 7.886282e-01 2 2500 264
6.674810e-01 7.710832e-02 1 2500 265
4.895941e-01 5.005806e-01 1 2500 266
3.743491e-01 4.560629e-01 1 2500 267
8.708972e-01 6.689647e-01 2 2500 267
4.707247e-01 3.725913e-01 1 2500 268
9.013542e-01 4.999072e-01 2 2500 268
2.915898e-01 2.549908e-01 1 2500 269
2.353175e-02 1.963397e-01 1 2500 270
1.294787e-01 3.505791e-01 1 2500 271
6.815842e-01 1.760175e-01 1 2500 272
5.762061e-01 6.562571e-02 1 2500 273
3.990539e-01 7.198199e-01 1 2500 274
2.676130e-01 1.802655e-01 1 2500 275
3.815040e-01 4.895092e-01 1 2500 276
9.821944e-02 3.477371e-01 1 2500 277
1.820214e-01 6.662844e-01 1 2500 278
6.695069e-01 7.927650e-01 2 2500 278
4.691328e-01 2.785258e-01 1 2500 279
6.008451e-01 6.656897e-01 1 2500 280
6.099453e-01 2.281756e-01 1 2500 281
2.682474e-02 4.998024e-01 1 2500 282
2.743575e-01 4.423310e-01 1 2500 283
5.886523e-01 5.301507e-01 1 2500 284
5.014536e-02 8.892172e-01 1 2500 285
5.650906e-01 5.969500e-01 1 2500 286
4.497606e-01 8.686343e-01 1 2500 287
3.798994e-01 2.284526e-01 1 2500 288
6.081206e-01 6.916733e-02 1 2500 289
7.344709e-01 1.062593e-01 1 2500 290
6.634629e-01 9.614775e-01 2 2500 290
7.317035e-01 4.600398e-01 1 2500 291
9.257012e-01 8.315988e-01 2 2500 291
2.910067e-01 8.975059e-01 1 2500 292
6.497517e-01 9.656802e-01 2 2500 292
9.927963e-01 1.312058e-01 2 2500 292
4.143845e-01 4.514547e-01 1 2500 293
9.709530e-01 4.527739e-01 2 2500 293
6.545628e-01 3.156419e-01 1 2500 294
2.668826e-01 7.333988e-01 1 2500 295
9.833606e-01 1.113453e-01 1 2500 296
6.916938e-01 2.172459e-02 1 2500 297
2.127270e-02 5.332093e-01 1 2500 298
9.883315e-01 3.555328e-01 2 2500 298
5.855731e-01 6.885742e-01 1 2500 299
4.493908e-01 1.323968e-01 1 2500 300
5.835449e-01 1.992655e-01 1 2500 301
8.551030e-01 8.516259e-01 2 2500 301
4.983020e-01 5.237074e-02 1 2500 302
4.793865e-01 4.391563e-01 1 2500 303
9.552495e-01 7.757104e-01 2 2500 303
5.244863e-02 8.955666e-01 1 2500 304
5.765721e-01 6.349179e-01 1 2500 305
8.452467e-01 6.070984e-02 1 2500 306
5.636065e-01 5.219493e-02 1 2500 307
9.144709e-01 7.688585e-01 2 2500 307
4.112465e-01 1.112222e-01 1 2500 308
3.684417e-01 9.819319e-01 2 2500 308
2.736307e-01 9.314091e-01 1 2500 309
4.580053e-01 3.209991e-01 1 2500 310
1.399578e-01 3.765124e-01 1 2500 311
8.708878e-02 9.105910e-01 1 2500 312
2.767633e-01 7.899189e-01 1 2500 313
1.888731e-01 7.747700e-01 1 2500 314
3.640442e-01 5.899564e-01 1 2500 315
1.767745e-01 4.387476e-01 1 2500 316
3.464144e-01 5.248324e-01 1 2500 317
5.267841e-01 9.172168e-01 2 2500 317
5.336457e-01 3.326515e-01 1 2500 318
2.957862e-01 6.660376e-01 1 2500 319
2.793771e-01 5.482728e-01 1 2500 320
4.010623e-01 5.425300e-01 1 2500 321
5.903077e-01 4.277203e-01 1 2500 322
5.757629e-01 4.265330e-01 1 2500 323
7.010247e-01 2.895336e-01 1 2500 324
9.019866e-01 2.424145e-01 1 2500 325
8.505233e-01 9.569555e-01 2 2500 325
8.946627e-02 3.813353e-01 1 2500 326
8.657854e-01 9.176529e-01 2 2500 326
6.759337e-02 7.392671e-01 1 2500 327
3.172212e-01 2.788526e-01 1 2500 328
8.182588e-01 7.275210e-01 2 2500 328
9.017629e-01 3.918865e-01 1 2500 329
9.194585e-01 2.809916e-01 1 2500 330
7.324509e-01 9.158188e-01 2 2500 330
4.869783e-02 8.946330e-01 1 2500 331
6.163874e-02 6.451042e-01 1 2500 332
4.450889e-01 2.055377e-01 1 2500 333
5.574626e-01 8.015670e-01 1 2500 334
8.826239e-01 1.212885e-02 1 2500 335
6.715659e-01 6.558009e-01 1 2500 336
7.898421e-01 2.182664e-01 1 2500 337
7.894278e-01 9.442665e-01 2 2500 337
6.149029e-01 9.386444e-03 1 2500 338
9.416222e-01 3.874059e-01 2 2500 338
3.860266e-02 7.533331e-01 1 2500 339
2.410535e-01 5.622032e-01 1 2500 340
1.158094e-01 7.613737e-01 1 2500 341
7.888654e-01 9.448308e-01 2 2500 341
5.564158e-01 4.035041e-01 1 2500 342
9.580292e-01 3.327779e-02 1 2500 343
9.553473e-01 6.062878e-01 2 2500 343
6.408553e-01 5.900987e-01 1 2500 344
6.361402e-01 5.956116e-02 1 2500 345
5.721895e-01 2.137231e-01 1 2500 346
7.915264e-01 7.293523e-01 2 2500 346
2.711575e-02 6.372935e-02 1 2500 347
8.924526e-01 9.268992e-01 2 2500 347
4.535875e-01 7.946416e-01 1 2500 348
4.998716e-01 3.856133e-01 1 2500 349
4.076152e-01 8.317836e-01 1 2500 350
7.013946e-01 2.297533e-01 1 2500 351
3.768159e-01 1.050834e-01 1 2500 352
7.234385e-01 9.455465e-01 2 2500 352
8.054915e-01 7.705037e-01 2 2500 352
1.923729e-01 8.078365e-01 1 2500 353
2.506026e-01 2.815550e-01 1 2500 354
1.032770e-01 7.111878e-01 1 2500 355
9.554054e-01 9.239145e-01 2 2500 355
8.366885e-01 3.765540e-01 1 2500 356
6.341957e-02 1.012314e-01 1 2500 357
3.956885e-01 3.089223e-01 1 2500 358
5.424847e-01 1.373050e-01 1 2500 359
6.706677e-01 7.571025e-01 2 2500 359
5.075646e-01 2.735857e-01 1 2500 360
8.509387e-02 3.081045e-01 1 2500 361
8.236291e-01 4.808076e-01 1 2500 362
6.562314e-01 9.789963e-01 2 2500 362
4.300957e-01 9.746210e-01 2 2500 362
7.422918e-03 9.900706e-01 1 2500 363
7.359270e-02 1.377867e-01 1 2500 364
2.773108e-01 4.537358e-01 1 2500 365
6.842271e-01 4.084872e-01 1 2500 366
3.068369e-01 2.327968e-01 1 2500 367
1.489384e-01 8.888152e-01 1 2500 368
1.522725e-01 2.079792e-02 1 2500 369
2.309131e-01 9.238056e-01 1 2500 370
6.641792e-01 3.278766e-01 1 2500 371
6.976932e-01 8.137046e-01 2 2500 371
1.192503e-01 3.196748e-01 1 2500 372
5.689079e-01 4.983889e-01 1 2500 373
1.036773e-02 4.031740e-01 1 2500 374
4.685284e-01 5.860738e-01 1 2500 375
5.728718e-02 7.112906e-01 1 2500 376
7.790410e-01 7.743718e-01 2 2500 376
9.598772e-01 2.909335e-01 2 2500 376
1.217355e-01 5.701000e-01 1 2500 377
9.733742e-01 3.508594e-01 2 2500 377
1.235978e-01 8.024641e-01 1 2500 378
1.086699e-01 7.663657e-01 1 2500 379
4.651683e-01 9.520305e-01 2 2500 379
2.708895e-01 1.278680e-01 1 2500 380
6.740184e-01 7.509983e-02 1 2500 381
9.196476e-01 3.068964e-01 1 2500 382
4.870748e-01 9.319865e-01 2 2500 382
4.533021e-01 2.878648e-01 1 2500 383
9.042295e-01 7.459162e-01 2 2500 383
3.493121e-01 3.555183e-01 1 2500 384
3.913707e-01 7.148539e-01 1 2500 385
8.311186e-01 7.623636e-01 2 2500 385
5.193383e-02 2.383035e-01 1 2500 386
3.985922e-01 1.798703e-02 1 2500 387
4.409757e-01 2.777001e-01 1 2500 388
7.402022e-01 9.173353e-01 2 2500 388
9.129037e-02 2.966550e-02 1 2500 389
6.564653e-01 8.621179e-01 2 2500 389
8.509096e-01 6.649720e-01 2 2500 389
9.182118e-01 3.465212e-01 1 2500 390
3.007026e-02 2.184920e-02 1 2500 391
7.152574e-01 6.298490e-01 1 2500 392
5.137446e-01 1.978361e-01 1 2500 393
7.170761e-01 7.686253e-02 1 2500 394
2.004307e-01 3.065952e-01 1 2500 395
9.744955e-01 8.612456e-01 2 2500 395
9.654768e-01 9.709595e-02 1 2500 396
6.327641e-01 8.015336e-01 2 2500 396
1.136102e-01 1.593039e-01 1 2500 397
2.907662e-01 9.267338e-01 1 2500 398
4.842241e-01 8.183279e-01 1 2500 399
8.267636e-01 3.615856e-01 1 2500 400
7.025213e-01 1.631474e-01 1 2500 401
6.188703e-01 1.227928e-01 1 2500 402
2.681333e-01 5.294959e-01 1 2500 403
7.161912e-01 4.530622e-01 1 2500 404
9.306328e-01 1.386390e-01 1 2500 405
6.103453e-01 6.986930e-01 1 2500 406
3.327424e-02 5.030239e-02 1 2500 407
8.323664e-01 1.993782e-02 1 2500 408
1.787410e-01 4.556354e-01 1 2500 409
4.777092e-02 3.953038e-01 1 2500 410
5.731165e-01 3.348320e-01 1 2500 411
9.580778e-01 6.710047e-01 2 2500 411
6.229373e-01 8.430912e-01 2 2500 411
9.651135e-01 4.876300e-01 2 2500 411
2.855649e-01 4.087767e-01 1 2500 412
5.977237e-01 9.518188e-01 2 2500 412
1.567680e-01 8.356361e-01 1 2500 413
2.780188e-01 9.382287e-01 1 2500 414
8.735671e-01 4.445702e-01 1 2500 415
6.961837e-01 6.461487e-02 1 2500 416
4.220208e-01 6.697656e-01 1 2500 417
9.433699e-01 1.506029e-01 1 2500 418
7.208680e-01 1.000045e-01 1 2500 419
3.643324e-01 4.020071e-01 1 2500 420
9.374009e-02 8.415711e-01 1 2500 421
9.645169e-01 6.334797e-01 2 2500 421
7.685959e-01 5.109482e-02 1 2500 422
7.906243e-01 9.837798e-01 2 2500 422
4.622808e-01 8.663129e-01 1 2500 423
4.460717e-01 4.936468e-01 1 2500 424
4.527751e-01 2.908010e-01 1 2500 425
6.814205e-01 8.254470e-02 1 2500 426
2.673980e-01 2.422467e-01 1 2500 427
1.650519e-02 4.208541e-01 1 2500 428
6.949004e-01 3.731354e-01 1 2500 429
3.099512e-02 9.542362e-01 1 2500 430
2.143609e-01 6.288746e-01 1 2500 431
6.398553e-01 5.385439e-02 1 2500 432
7.375822e-01 9.751978e-01 2 2500 432
4.765949e-01 1.998276e-01 1 2500 433
9.473397e-01 5.494469e-01 2 2500 433
1.753025e-01 9.350160e-01 1 2500 434
9.694430e-01 3.432018e-01 2 2500 434
4.611259e-01 4.823363e-01 1 2500 435
1.701485e-02 7.982312e-01 1 2500 436
7.801843e-01 9.164713e-01 2 2500 436
5.250197e-01 6.494867e-01 1 2500 437
2.516211e-01 4.918387e-01 1 2500 438
1.425280e-01 4.880776e-02 1 2500 439
8.971142e-02 2.240505e-01 1 2500 440
6.525262e-01 4.979591e-01 1 2500 441
7.182093e-01 8.974039e-01 2 2500 441
3.371519e-01 7.599889e-02 1 2500 442
9.037247e-02 9.926150e-03 1 2500 443
6.029105e-01 3.848984e-01 1 2500 444
3.624291e-01 7.253771e-01 1 2500 445
7.546199e-01 2.845819e-01 1 2500 446
6.195751e-01 5.678907e-02 1 2500 447
3.280472e-02 7.375254e-01 1 2500 448
5.802613e-01 1.905013e-01 1 2500 449
7.056791e-01 5.563370e-02 1 2500 450
6.319582e-01 5.060726e-02 1 2500 451
8.988307e-01 1.610428e-01 1 2500 452
8.992801e-01 3.633322e-01 1 2500 453
2.529497e-01 5.530043e-01 1 2500 454
4.694091e-01 5.678477e-01 1 2500 455
5.723185e-01 5.449524e-01 1 2500 456
4.361331e-01 5.468562e-01 1 2500 457
8.082182e-01 8.324881e-01 2 2500 457
8.251841e-01 8.248002e-01 2 2500 457
3.493174e-01 7.172110e-01 1 2500 458
8.951715e-02 9.511402e-01 1 2500 459
8.541275e-01 7.722277e-01 2 2500 459
8.866470e-01 4.008443e-01 1 2500 460
8.676722e-01 7.351494e-02 1 2500 461
3.714454e-01 7.820481e-01 1 2500 462
5.261174e-01 7.025435e-01 1 2500 463
1.147045e-02 1.940914e-01 1 2500 464
8.048662e-01 9.164357e-01 2 2500 464
6.755140e-01 5.346431e-01 1 2500 465
5.308621e-01 4.138977e-01 1 2500 466
4.360355e-02 6.645130e-01 1 2500 467
5.121407e-01 7.121620e-01 1 2500 468
9.349986e-01 3.382824e-01 1 2500 469
8.163132e-01 6.551701e-01 2 2500 469
5.121765e-01 2.753950e-01 1 2500 470
2.353047e-01 1.038502e-01 1 2500 471
8.299744e-01 3.231872e-01 1 2500 472
8.755736e-01 6.222535e-02 1 2500 473
1.575849e-02 8.070577e-01 1 2500 474
9.036876e-01 1.503861e-01 1 2500 475
8.013711e-01 7.663316e-01 2 2500 475
3.578579e-01 9.485422e-01 2 2500 475
4.163695e-01 4.919687e-01 1 2500 476
4.706216e-01 3.061202e-01 1 2500 477
8.055923e-01 6.158372e-01 2 2500 477
5.503895e-01 3.533827e-01 1 2500 478
9.157549e-01 6.847076e-01 2 2500 478
7.967273e-01 8.292719e-02 1 2500 479
1.021289e-01 9.456688e-01 1 2500 480
6.057179e-01 6.021326e-01 1 2500 481
6.702323e-01 4.275908e-01 1 2500 482
5.400833e-02 8.665484e-01 1 2500 483
9.612075e-01 1.481065e-01 1 2500 484
3.711904e-01 8.320512e-01 1 2500 485
8.448855e-01 3.316229e-01 1 2500 486
9.403656e-01 4.638840e-01 2 2500 486
2.252328e-01 1.280570e-02 1 2500 487
5.708534e-01 4.964407e-01 1 2500 488
7.646166e-01 7.729881e-01 2 2500 488
9.454236e-01 4.924780e-01 2 2500 488
4.303187e-01 2.511812e-01 1 2500 489
1.459357e-01 1.415245e-01 1 2500 490
6.659114e-01 5.897906e-02 1 2500 491
3.892814e-01 3.906490e-01 1 2500 492
7.892549e-02 5.533118e-01 1 2500 493
1.578877e-01 8.841229e-02 1 2500 494
9.888112e-01 9.607157e-01 2 2500 494
6.047389e-01 1.875643e-01 1 2500 495
7.825351e-01 5.728605e-01 1 2500 496
1.103290e-01 7.783241e-01 1 2500 497
4.330707e-01 5.306451e-01 1 2500 498
5.884914e-01 2.757699e-01 1 2500 499
9.744978e-01 6.158959e-01 2 2500 499
1.339577e-01 5.426350e-01 1 2500 500
9.293824e-01 3.332800e-01 1 2500 501
7.700541e-01 6.247390e-01 1 2500 502
4.959647e-01 4.674082e-01 1 2500 503
4.350053e-01 6.519115e-01 1 2500 504
3.715984e-01 9.530507e-01 2 2500 504
8.415410e-01 4.266585e-01 1 2500 505
7.010089e-01 2.134665e-01 1 2500 506
2.728631e-01 7.943571e-01 1 2500 507
1.145092e-01 2.401811e-01 1 2500 508
5.214764e-01 5.016630e-01 1 2500 509
4.314148e-01 7.180528e-01 1 2500 510
2.267475e-01 3.634830e-01 1 2500 511
1.620131e-02 8.411398e-01 1 2500 512
5.430084e-01 9.110217e-01 2 2500 512
7.175240e-01 3.763111e-01 1 2500 513
6.918604e-02 2.816199e-01 1 2500 514
5.794968e-01 1.886830e-01 1 2500 515
7.454275e-01 3.322676e-01 1 2500 516
2.377800e-01 5.480393e-01 1 2500 517
1.403062e-01 1.648116e-02 1 2500 518
4.031927e-02 8.328041e-01 1 2500 519
8.448784e-01 3.644243e-01 1 2500 520
7.504790e-01 4.410105e-01 1 2500 521
7.632742e-01 8.102991e-01 2 2500 521
9.329815e-01 7.528104e-01 2 2500 521
1.259673e-01 5.429068e-01 1 2500 522
6.123168e-01 7.123905e-01 1 2500 523
9.621940e-01 1.733226e-01 1 2500 524
8.146354e-01 4.803126e-01 1 2500 525
7.847205e-01 8.564326e-01 2 2500 525
9.019556e-01 8.815320e-01 2 2500 525
7.597739e-02 7.047091e-01 1 2500 526
7.805827e-01 6.089334e-01 1 2500 527
7.880779e-01 1.746767e-01 1 2500 528
3.612132e-01 4.785443e-01 1 2500 529
6.185371e-01 5.665712e-01 1 2500 530
9.567228e-01 8.501063e-01 2 2500 530
2.769978e-01 3.350272e-01 1 2500 531
5.211615e-01 3.642212e-01 1 2500 532
1.594906e-01 2.262486e-01 1 2500 533
4.009600e-02 4.585890e-01 1 2500 534
6.857354e-01 3.871742e-01 1 2500 535
9.198661e-01 7.974840e-01 2 2500 535
2.173201e-01 4.625106e-01 1 2500 536
5.321124e-01 8.302269e-01 1 2500 537
4.621874e-01 5.039311e-01 1 2500 538
9.541430e-01 2.928870e-01 1 2500 539
8.732895e-01 6.719428e-01 2 2500 539
7.375786e-01 1.399932e-01 1 2500 540
9.843149e-01 3.340670e-01 2 2500 540
8.883367e-01 1.803060e-01 1 2500 541
8.837195e-02 6.130387e-01 1 2500 542
3.413211e-01 6.649190e-01 1 2500 543
4.939967e-01 1.374307e-01 1 2500 544
5.954701e-01 1.960136e-01 1 2500 545
4.408394e-01 2.180176e-01 1 2500 546
7.076906e-01 7.559257e-01 2 2500 546
9.427582e-01 2.133050e-02 1 2500 547
6.660937e-01 4.158836e-02 1 2500 548
1.693066e-01 6.759877e-01 1 2500 549
1.915246e-02 8.666941e-01 1 2500 550
4.691272e-01 1.622408e-01 1 2500 551
9.372863e-02 5.624658e-01 1 2500 552
5.139949e-02 2.260485e-01 1 2500 553
4.727386e-01 3.934050e-01 1 2500 554
2.848114e-01 2.141937e-01 1 2500 555
9.057568e-01 7.357875e-01 2 2500 555
3.420172e-01 1.242923e-01 1 2500 556
8.959886e-01 3.851660e-02 1 2500 557
5.910312e-01 9.778580e-01 2 2500 557
4.619716e-01 7.653760e-01 1 2500 558
8.722006e-02 2.483199e-01 1 2500 559
4.167147e-01 8.413962e-01 1 2500 560
6.947631e-01 3.559263e-01 1 2500 561
2.205800e-01 6.210466e-01 1 2500 562
5.881196e-01 4.644279e-01 1 2500 563
8.688317e-01 5.763022e-01 2 2500 563
9.666639e-01 3.782004e-01 2 2500 563
7.925500e-01 7.063280e-02 1 2500 564
6.475155e-01 8.322483e-01 2 2500 564
9.725990e-01 5.939335e-01 2 2500 564
5.992221e-01 5.255946e-01 1 2500 565
6.921840e-01 4.003828e-01 1 2500 566
9.360256e-01 9.760396e-01 2 2500 566
6.015320e-02 1.734284e-01 1 2500 567
7.756378e-01 9.495013e-01 2 2500 567
6.490976e-01 7.787325e-01 2 2500 567
1.992056e-02 9.877883e-01 1 2500 568
4.512536e-01 1.237553e-01 1 2500 569
3.199203e-01 7.419744e-01 1 2500 570
1.454365e-01 1.334586e-01 1 2500 571
2.842550e-02 1.421480e-01 1 2500 572
9.177103e-01 4.257587e-01 2 2500 572
7.193650e-01 9.211869e-01 2 2500 572
3.329789e-01 7.875509e-01 1 2500 573
4.903116e-01 3.612574e-01 1 2500 574
1.122280e-01 9.499540e-01 1 2500 575
3.424981e-01 4.816070e-02 1 2500 576
1.807719e-01 9.925690e-01 2 2500 576
3.152758e-01 1.945621e-01 1 2500 577
1.696522e-01 8.842492e-01 1 2500 578
5.971150e-01 4.885796e-01 1 2500 579
1.850874e-01 1.274547e-01 1 2500 580
1.973049e-01 8.772168e-01 1 2500 581
7.829414e-01 9.684168e-01 2 2500 581
6.021372e-01 5.926716e-01 1 2500 582
4.890364e-01 3.599129e-01 1 2500 583
7.505345e-02 6.790995e-01 1 2500 584
7.143261e-01 1.242481e-01 1 2500 585
2.927603e-01 9.934480e-02 1 2500 586
8.416438e-01 5.863152e-02 1 2500 587
8.951664e-01 2.113515e-01 1 2500 588
6.091983e-01 4.230553e-01 1 2500 589
5.594393e-01 8.129305e-01 1 2500 590
7.485250e-01 5.386472e-01 1 2500 591
7.337805e-01 4.871207e-02 1 2500 592
7.954661e-01 9.836784e-01 2 2500 592
7.137985e-01 1.987008e-03 1 2500 593
8.602747e-01 3.786416e-01 1 2500 594
7.506846e-01 8.004174e-01 2 2500 594
3.593581e-01 2.678199e-01 1 2500 595
2.088710e-01 1.084607e-01 1 2500 596
3.879540e-02 6.485464e-01 1 2500 597
4.961021e-02 6.040034e-01 1 2500 598
4.979384e-01 8.925519e-01 2 2500 598
9.273568e-01 9.716870e-01 2 2500 598
9.364365e-01 1.369377e-01 1 2500 599
8.660062e-01 3.803057e-01 1 2500 600
2.483206e-01 7.836998e-01 1 2500 601
5.901491e-01 4.284071e-01 1 2500 602
1.164505e-01 5.368405e-01 1 2500 603
8.327624e-01 5.788318e-01 2 2500 603
5.873583e-01 5.149740e-01 1 2500 604
3.086027e-02 6.413729e-01 1 2500 605
8.441972e-01 6.916038e-01 2 2500 605
9.055319e-01 7.019191e-01 2 2500 605
3.679569e-01 7.882899e-01 1 2500 606
8.856272e-01 3.145456e-01 1 2500 607
6.272440e-01 1.493583e-01 1 2500 608
3.148064e-01 6.678506e-01 1 2500 609
4.622702e-01 7.295729e-03 1 2500 610
5.577575e-01 1.136479e-02 1 2500 611
7.446443e-01 1.574742e-01 1 2500 612
6.384484e-01 4.837908e-01 1 2500 613
4.398532e-02 9.164828e-01 1 2500 614
8.520916e-01 9.496147e-01 2 2500 614
4.663234e-01 9.815597e-02 1 2500 615
2.384411e-01 4.766575e-01 1 2500 616
8.526767e-03 9.301843e-01 1 2500 617
2.724417e-01 1.677691e-01 1 2500 618
2.743719e-01 3.826929e-01 1 2500 619
1.846339e-01 6.646746e-01 1 2500 620
1.195265e-01 1.849489e-01 1 2500 621
6.120819e-01 7.061538e-01 1 2500 622
8.195660e-01 5.891056e-01 2 2500 622
6.292643e-01 3.634504e-01 1 2500 623
2.385469e-01 4.163404e-01 1 2500 624
5.343696e-01 1.134373e-01 1 2500 625
4.559580e-01 2.256997e-01 1 2500 626
5.588244e-01 4.292606e-01 1 2500 627
9.626701e-01 3.308070e-01 2 2500 627
6.958934e-01 1.845792e-01 1 2500 628
2.793651e-02 1.865313e-01 1 2500 629
9.427278e-01 6.912512e-01 2 2500 629
3.133172e-01 3.497988e-01 1 2500 630
3.222635e-01 9.095120e-01 1 2500 631
6.922379e-01 3.958352e-01 1 2500 632
7.831472e-01 3.859533e-01 1 2500 633
1.593741e-01 7.097715e-01 1 2500 634
3.416836e-01 3.322822e-01 1 2500 635
4.256067e-01 2.115329e-01 1 2500 636
9.345347e-01 8.252714e-01 2 2500 636
9.470798e-01 7.542301e-01 2 2500 636
8.500759e-01 7.844622e-01 2 2500 636
4.383104e-01 2.616558e-02 1 2500 637
3.851022e-01 5.059593e-02 1 2500 638
2.899150e-01 5.024120e-01 1 2500 639
5.435393e-01 5.799077e-02 1 2500 640
8.264784e-01 4.596199e-01 1 2500 641
3.863242e-01 9.660255e-01 2 2500 641
2.854224e-03 7.665581e-01 1 2500 642
1.831062e-01 8.886740e-01 1 2500 643
7.770539e-01 5.217088e-01 1 2500 644
2.453746e-01 9.795710e-01 2 2500 644
8.841558e-01 4.392417e-01 1 2500 645
8.104391e-01 9.891775e-02 1 2500 646
1.237217e-01 7.684670e-01 1 2500 647
3.651752e-01 1.772259e-02 1 2500 648
6.297518e-01 6.273031e-01 1 2500 649
7.555213e-02 8.002626e-01 1 2500 650
6.869704e-01 8.063444e-01 2 2500 650
9.307984e-01 9.103021e-01 2 2500 650
7.891656e-01 5.671273e-01 1 2500 651
5.965888e-01 8.563940e-01 2 2500 651
5.096597e-01 7.164691e-01 1 2500 652
1.733556e-01 2.111529e-01 1 2500 653
6.815776e-01 2.622600e-01 1 2500 654
4.744261e-01 7.179434e-01 1 2500 655
7.101531e-01 1.644336e-01 1 2500 656
1.178234e-01 3.221070e-01 1 2500 657
7.251496e-01 2.553467e-02 1 2500 658
9.222308e-01 4.815686e-01 2 2500 658
2.659875e-01 6.903521e-01 1 2500 659
4.638181e-01 7.045606e-01 1 2500 660
8.586274e-01 2.374056e-01 1 2500 661
9.753998e-01 3.459922e-01 2 2500 661
7.615914e-01 2.307865e-02 1 2500 662
1.669309e-01 3.550509e-01 1 2500 663
6.736032e-01 2.123567e-01 1 2500 664
7.987479e-01 9.955489e-01 2 2500 664
3.725866e-01 8.086184e-01 1 2500 665
4.318580e-01 8.072046e-01 1 2500 666
3.359240e-01 8.689957e-01 1 2500 667
6.857279e-02 3.649825e-01 1 2500 668
9.221096e-01 2.295418e-01 1 2500 669
6.806976e-01 8.326658e-01 2 2500 669
6.196395e-01 6.355088e-01 1 2500 670
9.908481e-01 9.291553e-01 2 2500 670
1.012620e-01 1.949687e-01 1 2500 671
1.483404e-02 9.251829e-01 1 2500 672
9.458490e-01 2.028859e-01 1 2500 673
4.795894e-01 3.627535e-01 1 2500 674
3.447768e-02 5.811210e-01 1 2500 675
2.902235e-01 9.226102e-01 1 2500 676
8.355704e-01 7.544335e-01 2 2500 676
4.972495e-01 4.753467e-02 1 2500 677
9.325015e-01 6.875603e-02 1 2500 678
3.236319e-02 5.312965e-01 1 2500 679
5.042647e-01 7.615896e-01 1 2500 680
1.370160e-01 5.408327e-01 1 2500 681
9.336357e-01 1.063549e-01 1 2500 682
3.053765e-02 1.144073e-01 1 2500 683
7.578680e-01 3.052337e-01 1 2500 684
7.796315e-02 9.099584e-01 1 2500 685
3.107906e-01 7.867722e-01 1 2500 686
8.342287e-01 6.683958e-01 2 2500 686
6.411128e-01 4.179346e-01 1 2500 687
3.456020e-01 5.538137e-01 1 2500 688
7.945809e-01 9.128345e-01 2 2500 688
7.127059e-01 1.118403e-02 1 2500 689
5.271073e-01 9.013833e-02 1 2500 690
9.936925e-02 1.391962e-02 1 2500 691
7.925627e-02 4.616206e-01 1 2500 692
4.644867e-01 5.776986e-01 1 2500 693
9.077206e-01 4.957441e-01 2 2500 693
9.194969e-01 6.892292e-01 2 2500 693
7.214200e-01 3.622259e-02 1 2500 694
4.406023e-01 9.128026e-01 2 2500 694
7.685680e-01 3.072792e-01 1 2500 695
2.580333e-01 5.988881e-02 1 2500 696
3.412804e-01 4.194157e-01 1 2500 697
5.222474e-01 9.227855e-01 2 2500 697
4.959459e-02 6.002793e-03 1 2500 698
3.105926e-01 2.081184e-02 1 2500 699
8.521017e-01 9.617116e-02 1 2500 700
9.728060e-01 4.370956e-01 2 2500 700
6.158787e-01 8.753216e-01 2 2500 700
3.647910e-03 4.378419e-01 1 2500 701
7.750111e-01 2.008272e-01 1 2500 702
5.690909e-02 5.496663e-01 1 2500 703
2.855652e-01 6.667860e-01 1 2500 704
1.310657e-02 9.851277e-01 1 2500 705
6.768403e-01 9.428087e-01 2 2500 705
5.668808e-01 7.093124e-01 1 2500 706
7.521034e-01 7.901529e-01 2 2500 706
2.969745e-01 1.152936e-01 1 2500 707
5.421816e-01 8.682683e-01 2 2500 707
1.489766e-01 6.540781e-01 1 2500 708
6.262577e-02 9.108858e-01 1 2500 709
8.794146e-01 4.348649e-01 1 2500 710
7.248507e-02 2.416726e-01 1 2500 711
5.158928e-01 4.497120e-01 1 2500 712
2.493388e-01 4.144112e-01 1 2500 713
3.409810e-02 5.597527e-01 1 2500 714
5.169931e-01 6.506287e-01 1 2500 715
1.784593e-01 2.553078e-01 1 2500 716
6.824024e-01 3.733383e-01 1 2500 717
6.346603e-02 5.826136e-01 1 2500 718
7.917010e-01 3.496186e-01 1 2500 719
3.712473e-01 9.577393e-01 2 2500 719
8.622910e-01 1.748379e-01 1 2500 720
8.525551e-01 3.595510e-01 1 2500 721
8.154010e-02 8.634803e-01 1 2500 722
6.962683e-01 7.340507e-01 2 2500 722
6.776739e-01 5.053375e-01 1 2500 723
6.262360e-01 7.571554e-01 1 2500 724
3.869042e-01 2.288406e-01 1 2500 725
1.996354e-01 4.662926e-01 1 2500 726
1.134981e-01 4.501593e-01 1 2500 727
3.461785e-01 1.591209e-02 1 2500 728
7.831216e-01 9.681949e-01 2 2500 728
9.515249e-01 6.925445e-01 2 2500 728
9.831587e-01 7.669086e-01 2 2500 728
2.061213e-01 1.136275e-01 1 2500 729
6.522825e-01 9.209591e-02 1 2500 730
3.469680e-01 8.831368e-01 1 2500 731
8.061649e-01 9.907428e-01 2 2500 731
1.272942e-01 2.584058e-03 1 2500 732
2.521431e-01 6.745970e-01 1 2500 733
1.735911e-01 4.338311e-02 1 2500 734
6.598464e-01 9.685644e-02 1 2500 735
4.754684e-03 1.042542e-01 1 2500 736
9.460085e-01 9.506022e-01 2 2500 736
4.618886e-01 9.725219e-01 2 2500 736
9.332191e-01 5.989539e-01 2 2500 736
1.625466e-01 4.370559e-01 1 2500 737
9.888811e-01 5.751445e-01 2 2500 737
7.368706e-01 6.222346e-01 1 2500 738
4.707289e-01 7.715915e-01 1 2500 739
7.267205e-01 1.837415e-01 1 2500 740
5.396697e-01 5.098250e-01 1 2500 741
5.752030e-01 3.809998e-02 1 2500 742
3.478229e-01 5.982905e-01 1 2500 743
5.128170e-01 1.551036e-01 1 2500 744
8.924493e-01 1.009983e-02 1 2500 745
3.323547e-01 2.004170e-01 1 2500 746
5.557009e-02 2.996234e-01 1 2500 747
9.101949e-02 8.879571e-01 1 2500 748
5.478590e-01 5.119705e-01 1 2500 749
7.904556e-01 1.188116e-01 1 2500 750
9.360948e-01 5.747091e-01 2 2500 750
5.104153e-01 4.600085e-01 1 2500 751
3.128250e-01 4.299311e-01 1 2500 752
8.042755e-01 2.168620e-01 1 2500 753
3.800827e-01 7.545540e-03 1 2500 754
3.718437e-01 9.423876e-01 2 2500 754
5.109111e-01 8.407709e-01 1 2500 755
5.641238e-01 4.095336e-01 1 2500 756
6.861519e-01 8.681194e-01 2 2500 756
8.577550e-01 7.113034e-02 1 2500 757
7.703516e-01 8.643711e-01 2 2500 757
7.077471e-01 3.327715e-01 1 2500 758
7.418688e-01 1.568847e-01 1 2500 759
1.678783e-01 4.726823e-01 1 2500 760
3.698818e-01 8.389354e-01 1 2500 761
7.438165e-01 1.654222e-01 1 2500 762
1.900871e-01 4.629151e-01 1 2500 763
7.746860e-01 1.210638e-01 1 2500 764
5.589246e-01 5.735341e-02 1 2500 765
3.456461e-01 5.800717e-01 1 2500 766
6.199656e-01 3.109771e-01 1 2500 767
2.616303e-01 8.790935e-01 1 2500 768
5.626790e-01 8.421264e-01 2 2500 768
5.687375e-01 6.843778e-01 1 2500 769
1.324510e-01 1.829334e-02 1 2500 770
4.067677e-01 6.795248e-01 1 2500 771
9.686190e-01 1.384560e-01 1 2500 772
5.949648e-01 5.092493e-01 1 2500 773
5.965158e-01 4.315399e-01 1 2500 774
2.828398e-01 9.140651e-01 1 2500 775
6.334730e-01 8.803309e-01 2 2500 775
1.945709e-01 6.301255e-01 1 2500 776
6.197792e-01 2.896352e-01 1 2500 777
4.586154e-01 3.067181e-01 1 2500 778
5.076889e-01 8.241957e-01 1 2500 779
8.857235e-01 6.575797e-01 2 2500 779
4.505673e-01 4.463589e-01 1 2500 780
1.007170e-01 2.546683e-01 1 2500 781
3.410721e-01 5.414057e-02 1 2500 782
5.577012e-01 4.323014e-01 1 2500 783
1.619569e-01 8.557426e-01 1 2500 784
2.585276e-01 9.042477e-01 1 2500 785
5.379882e-01 5.968039e-01 1 2500 786
7.724554e-01 3.619383e-01 1 2500 787
7.087320e-01 8.195082e-01 2 2500 787
9.708687e-02 7.454630e-01 1 2500 788
1.140767e-01 7.782048e-01 1 2500 789
6.543515e-01 6.157555e-01 1 2500 790
1.308418e-02 3.393091e-01 1 2500 791
5.246672e-01 6.748253e-01 1 2500 792
6.438210e-01 5.965960e-01 1 2500 793
6.991549e-01 9.994404e-01 2 2500 793
6.052391e-01 3.427288e-01 1 2500 794
4.792231e-02 4.703930e-01 1 2500 795
6.149738e-01 8.227005e-02 1 2500 796
9.462797e-01 5.293526e-01 2 2500 796
7.146835e-01 8.279040e-01 2 2500 796
6.799015e-01 5.615694e-01 1 2500 797
9.702654e-01 3.727158e-02 1 2500 798
1.965383e-01 4.542859e-01 1 2500 799
5.433233e-02 6.165161e-01 1 2500 800
2.760701e-01 5.353385e-01 1 2500 801
6.313081e-01 4.264741e-01 1 2500 802
7.320800e-01 6.728247e-01 1 2500 803
9.385403e-01 7.273858e-01 2 2500 803
5.876161e-01 1.857426e-01 1 2500 804
2.336349e-01 8.981307e-01 1 2500 805
7.109937e-01 3.362348e-01 1 2500 806
3.788993e-01 5.585758e-03 1 2500 807
5.449790e-01 4.319824e-01 1 2500 808
4.418100e-01 5.440662e-01 1 2500 809
9.708552e-01 9.204286e-01 2 2500 809
8.301861e-01 6.898347e-02 1 2500 810
5.932213e-01 6.867351e-01 1 2500 811
3.835744e-01 4.766369e-01 1 2500 812
1.806312e-01 9.899735e-01 2 2500 812
3.252749e-03 4.412421e-01 1 2500 813
8.775659e-01 9.910615e-01 2 2500 813
9.963762e-01 9.080895e-01 2 2500 813
1.914736e-02 3.276981e-01 1 2500 814
6.896917e-01 8.113907e-01 2 2500 814
5.652622e-01 5.808412e-01 1 2500 815
2.074090e-01 3.234775e-02 1 2500 816
7.506962e-01 2.336066e-01 1 2500 817
3.636376e-01 7.626533e-01 1 2500 818
3.746047e-01 7.645728e-01 1 2500 819
7.362955e-02 9.977313e-01 2 2500 819
3.733498e-01 7.121676e-02 1 2500 820
2.245750e-01 9.100485e-01 1 2500 821
7.665002e-01 8.580783e-01 2 2500 821
8.869527e-01 6.847943e-01 2 2500 821
1.216488e-01 1.613334e-01 1 2500 822
8.224533e-01 1.892943e-01 1 2500 823
3.341964e-01 1.343971e-03 1 2500 824
7.694466e-01 8.201630e-01 2 2500 824
3.232356e-01 3.725300e-01 1 2500 825
5.224373e-02 6.251406e-01 1 2500 826
7.284154e-01 4.853666e-01 1 2500 827
4.081553e-01 9.920139e-01 2 2500 827
4.310903e-01 6.252178e-01 1 2500 828
8.130988e-01 2.058512e-01 1 2500 829
8.002509e-01 1.158966e-01 1 2500 830
8.667361e-01 6.741519e-01 2 2500 830
5.937956e-01 5.720708e-01 1 2500 831
4.589309e-01 5.628205e-01 1 2500 832
4.528461e-01 5.064086e-01 1 2500 833
3.180606e-01 4.358208e-01 1 2500 834
6.196199e-01 7.187349e-02 1 2500 835
1.675482e-01 8.447714e-01 1 2500 836
6.887385e-01 9.011471e-01 2 2500 836
7.314598e-01 9.557278e-01 2 2500 836
1.669007e-01 2.473716e-01 1 2500 837
3.876658e-01 8.807334e-01 1 2500 838
3.145666e-01 2.717976e-01 1 2500 839
1.716559e-01 8.874823e-01 1 2500 840
4.130697e-01 2.759968e-01 1 2500 841
1.267503e-01 8.660672e-01 1 2500 842
9.561334e-01 3.765516e-01 2 2500 842
5.535811e-02 2.944350e-01 1 2500 843
7.427924e-01 7.487925e-01 2 2500 843
3.461092e-01 7.125579e-01 1 2500 844
7.941511e-01 1.007112e-01 1 2500 845
5.251340e-01 2.560645e-01 1 2500 846
3.412808e-01 1.928376e-01 1 2500 847
4.735156e-02 7.578680e-02 1 2500 848
1.990367e-01 2.586709e-01 1 2500 849
6.862352e-01 6.231611e-01 1 2500 850
3.833084e-01 9.857938e-01 2 2500 850
3.106446e-01 1.257588e-01 1 2500 851
5.867884e-01 8.457055e-01 2 2500 851
2.143205e-01 5.729739e-01 1 2500 852
3.592373e-01 1.111674e-03 1 2500 853
3.470411e-01 1.007251e-01 1 2500 854
3.187144e-02 1.849896e-01 1 2500 855
3.465259e-01 1.517005e-01 1 2500 856
5.442314e-01 9.893303e-01 2 2500 856
7.872783e-01 1.339878e-02 1 2500 857
1.695562e-01 3.376028e-01 1 2500 858
2.754339e-01 5.396981e-01 1 2500 859
4.139266e-01 7.427947e-01 1 2500 860
4.098121e-02 9.537078e-01 1 2500 861
4.113584e-01 1.556741e-01 1 2500 862
9.277454e-01 6.690182e-01 2 2500 862
1.604614e-01 8.822402e-02 1 2500 863
7.462405e-01 3.250691e-01 1 2500 864
9.390258e-01 2.221584e-01 1 2500 865
3.304329e-01 5.077959e-01 1 2500 866
2.982829e-01 4.256225e-01 1 2500 867
8.344149e-01 7.010400e-01 2 2500 867
9.425293e-01 9.443065e-01 2 2500 867
3.041855e-01 2.647820e-01 1 2500 868
6.182241e-01 2.620295e-02 1 2500 869
9.275641e-02 4.679967e-01 1 2500 870
3.972712e-01 3.378910e-01 1 2500 871
7.015502e-01 3.791166e-02 1 2500 872
4.022364e-01 8.166024e-01 1 2500 873
1.352079e-01 9.179909e-01 1 2500 874
8.011800e-01 3.359062e-02 1 2500 875
5.215839e-01 8.927669e-01 2 2500 875
7.651646e-01 2.840600e-01 1 2500 876
2.020433e-01 8.905863e-01 1 2500 877
8.770945e-01 9.693549e-02 1 2500 878
2.375841e-01 2.413127e-01 1 2500 879
7.931602e-01 2.474114e-01 1 2500 880
9.882577e-01 4.962799e-01 2 2500 880
7.813696e-01 2.774235e-01 1 2500 881
9.959287e-01 1.852857e-01 2 2500 881
8.886936e-01 1.375820e-01 1 2500 882
7.232600e-02 5.129908e-01 1 2500 883
9.598789e-01 7.526588e-01 2 2500 883
3.163575e-01 2.460995e-01 1 2500 884
6.193514e-01 6.818243e-04 1 2500 885
6.836725e-01 3.829670e-01 1 2500 886
6.950444e-01 5.813108e-01 1 2500 887
9.600706e-02 5.769561e-01 1 2500 888
3.623467e-01 4.608161e-01 1 2500 889
6.089163e-01 9.782658e-01 2 2500 889
2.655831e-01 6.148877e-01 1 2500 890
2.534471e-01 8.132703e-01 1 2500 891
8.017235e-01 8.434648e-01 2 2500 891
8.139828e-01 9.103813e-01 2 2500 891
5.079725e-01 6.766663e-01 1 2500 892
3.227013e-01 3.797422e-01 1 2500 893
5.191975e-01 8.863871e-03 1 2500 894
7.783134e-01 4.084351e-01 1 2500 895
7.377231e-01 7.683293e-01 2 2500 895
1.146843e-01 7.810746e-02 1 2500 896
4.898133e-01 2.967652e-01 1 2500 897
3.397960e-02 1.053543e-01 1 2500 898
4.390995e-01 7.849847e-01 1 2500 899
8.373093e-01 1.472684e-01 1 2500 900
7.646183e-01 6.703708e-02 1 2500 901
3.397575e-02 5.214224e-01 1 2500 902
8.792132e-01 6.997356e-01 2 2500 902
2.412698e-01 9.948266e-01 2 2500 902
2.461545e-01 8.531740e-01 1 2500 903
5.757084e-01 9.294613e-01 2 2500 903
1.402110e-01 4.174099e-01 1 2500 904
7.071261e-01 1.135802e-01 1 2500 905
8.664350e-01 2.058733e-01 1 2500 906
1.175938e-02 9.089916e-01 1 2500 907
3.510756e-01 2.571281e-01 1 2500 908
4.752640e-01 6.586098e-01 1 2500 909
3.764047e-02 3.171012e-02 1 2500 910
8.918714e-03 5.122032e-01 1 2500 911
3.805324e-01 4.605549e-01 1 2500 912
2.299040e-02 5.955308e-01 1 2500 913
1.022099e-01 3.866295e-01 1 2500 914
3.236092e-01 4.420989e-01 1 2500 915
4.473957e-01 1.498107e-01 1 2500 916
3.032208e-02 5.960142e-01 1 2500 917
3.983766e-01 7.585530e-01 1 2500 918
5.841096e-01 2.090752e-01 1 2500 919
7.453051e-01 2.373326e-01 1 2500 920
7.538094e-01 9.772843e-01 2 2500 920
4.454474e-01 7.217696e-01 1 2500 921
8.166901e-01 3.174422e-01 1 2500 922
7.436877e-01 7.275417e-01 2 2500 922
9.364186e-01 6.800127e-01 2 2500 922
1.042364e-01 9.734846e-01 1 2500 923
9.831263e-01 7.314674e-01 2 2500 923
5.845427e-02 4.790391e-01 1 2500 924
8.959639e-01 7.359027e-01 2 2500 924
5.549110e-01 3.780066e-02 1 2500 925
7.363985e-01 4.957134e-01 1 2500 926
4.064977e-01 2.701387e-01 1 2500 927
6.155628e-01 2.522890e-01 1 2500 928
3.764503e-02 7.986585e-01 1 2500 929
3.957263e-01 8.056030e-03 1 2500 930
6.850720e-01 2.808659e-01 1 2500 931
7.719621e-01 7.197999e-01 2 2500 931
5.671529e-01 9.992068e-01 2 2500 931
3.999041e-01 2.747317e-01 1 2500 932
9.996846e-01 7.466706e-01 2 2500 932
2.277358e-01 1.118321e-01 1 2500 933
4.598598e-01 4.350061e-01 1 2500 934
5.912317e-02 2.595018e-01 1 2500 935
7.736147e-01 6.207983e-01 1 2500 936
7.324794e-01 3.508759e-01 1 2500 937
9.863945e-01 3.829626e-01 2 2500 937
8.845300e-01 9.045688e-01 2 2500 937
1.304976e-01 1.789449e-01 1 2500 938
3.891995e-01 7.116797e-01 1 2500 939
7.695239e-01 2.368738e-01 1 2500 940
6.191170e-01 5.374050e-01 1 2500 941
4.750150e-01 3.503506e-01 1 2500 942
1.882577e-01 8.233518e-01 1 2500 943
6.458557e-01 3.575352e-01 1 2500 944
6.886556e-01 4.082857e-01 1 2500 945
7.805838e-01 2.956950e-01 1 2500 946
9.354486e-01 8.652617e-01 2 2500 946
6.798035e-01 4.208169e-01 1 2500 947
1.332289e-01 2.485733e-01 1 2500 948
3.356929e-01 9.338965e-01 1 2500 949
9.062621e-01 3.842885e-02 1 2500 950
4.183162e-01 4.891366e-01 1 2500 951
2.529348e-01 1.642357e-01 1 2500 952
4.543998e-01 5.295670e-01 1 2500 953
5.813267e-01 2.947506e-01 1 2500 954
9.216017e-01 3.065109e-01 1 2500 955
6.356383e-01 1.247365e-01 1 2500 956
3.376177e-01 7.715627e-01 1 2500 957
3.820433e-01 3.671127e-03 1 2500 958
3.749325e-01 8.907312e-01 1 2500 959
1.584768e-02 3.617399e-01 1 2500 960
7.557233e-02 3.181250e-01 1 2500 961
5.949161e-01 6.703922e-01 1 2500 962
9.720110e-02 9.561087e-01 1 2500 963
8.128277e-01 9.386939e-01 2 2500 963
6.952099e-01 5.790842e-01 1 2500 964
2.357789e-01 4.362172e-01 1 2500 965
6.607249e-01 1.641190e-01 1 2500 966
8.576344e-01 8.648132e-01 2 2500 966
4.008774e-01 9.349440e-01 2 2500 966
5.741633e-01 5.655628e-01 1 2500 967
6.201525e-02 7.871316e-01 1 2500 968
4.073621e-01 7.015448e-01 1 2500 969
1.630647e-01 2.731569e-01 1 2500 970
2.891280e-01 9.330010e-01 1 2500 971
8.833793e-01 4.751935e-01 2 2500 971
7.437559e-02 7.350193e-01 1 2500 972
1.988239e-01 2.325133e-01 1 2500 973
5.390645e-01 3.982091e-01 1 2500 974
2.339319e-01 6.826366e-02 1 2500 975
4.392810e-01 6.009134e-01 1 2500 976
5.635590e-01 9.509976e-01 2 2500 976
7.353931e-01 5.535882e-02 1 2500 977
3.890307e-01 9.479768e-02 1 2500 978
2.603460e-01 9.467327e-01 1 2500 979
4.677890e-01 5.727616e-03 1 2500 980
4.588590e-01 5.293467e-01 1 2500 981
3.047095e-01 1.714470e-01 1 2500 982
1.119902e-01 1.145490e-01 1 2500 983
2.654420e-01 3.958357e-01 1 2500 984
9.341434e-01 3.416247e-01 1 2500 985
3.323869e-01 9.476699e-01 2 2500 985
8.749162e-02 7.248634e-01 1 2500 986
1.565042e-01 6.830353e-01 1 2500 987
7.734891e-01 2.126966e-01 1 2500 988
9.710068e-02 9.986874e-01 2 2500 988
8.094151e-01 2.225717e-01 1 2500 989
5.949701e-01 5.540880e-01 1 2500 990
2.581655e-01 5.415297e-01 1 2500 991
5.005255e-01 6.854647e-01 1 2500 992
8.011846e-01 1.449261e-01 1 2500 993
8.124207e-01 3.334346e-01 1 2500 994
3.959709e-01 3.847151e-01 1 2500 995
3.801511e-01 1.993747e-01 1 2500 996
4.769316e-01 1.530362e-01 1 2500 997
2.519323e-01 5.213194e-01 1 2500 998
9.531723e-01 7.666965e-01 2 2500 998
5.493158e-01 3.499120e-01 1 2500 999
8.678798e-01 3.982747e-02 1 2500 1000
1.348056e-01 4.437279e-01 1 2500 1001
1.036993e-02 3.758577e-01 1 2500 1002
8.918778e-01 4.897566e-01 2 2500 1002
4.325803e-01 6.374298e-02 1 2500 1003
7.491441e-01 7.233631e-01 2 2500 1003
1.427271e-01 2.378335e-01 1 2500 1004
6.312981e-01 9.018915e-01 2 2500 1004
5.119078e-01 3.838235e-01 1 2500 1005
5.030433e-01 2.615519e-01 1 2500 1006
7.729679e-02 9.946498e-01 1 2500 1007
6.698144e-01 6.291360e-01 1 2500 1008
8.071560e-01 9.221409e-01 2 2500 1008
5.127175e-01 9.060936e-01 2 2500 1008
5.947164e-01 6.158284e-01 1 2500 1009
9.031063e-01 1.279928e-03 1 2500 1010
3.668385e-01 7.541775e-01 1 2500 1011
7.600785e-01 9.673350e-01 2 2500 1011
5.354096e-02 8.258462e-01 1 2500 1012
9.814136e-01 3.856523e-01 2 2500 1012
7.944985e-01 1.706408e-01 1 2500 1013
3.086043e-01 4.917195e-01 1 2500 1014
1.599569e-01 5.190809e-01 1 2500 1015
1.047603e-01 7.375987e-01 1 2500 1016
1.940199e-01 2.686401e-01 1 2500 1017
2.776051e-01 6.650997e-01 1 2500 1018
2.577013e-01 4.443976e-01 1 2500 1019
9.100997e-01 1.275447e-01 1 2500 1020
6.734328e-01 2.209048e-01 1 2500 1021
4.787532e-01 4.728091e-01 1 2500 1022
9.543305e-01 7.744372e-01 2 2500 1022
2.955634e-01 1.518718e-01 1 2500 1023
3.233757e-01 1.562313e-01 1 2500 1024
6.848747e-01 2.908253e-01 1 2500 1025
7.315011e-01 7.752312e-01 2 2500 1025
4.315288e-01 4.469703e-01 1 2500 1026
2.176015e-01 7.409725e-01 1 2500 1027
1.834989e-01 2.774865e-01 1 2500 1028
3.861553e-01 6.988108e-01 1 2500 1029
3.667635e-01 3.882606e-01 1 2500 1030
8.270506e-01 6.517378e-01 2 2500 1030
6.319705e-01 9.696671e-01 2 2500 1030
1.264521e-01 4.572613e-01 1 2500 1031
3.538390e-01 8.612980e-01 1 2500 1032
3.966175e-01 7.542336e-02 1 2500 1033
5.061220e-01 6.476657e-01 1 2500 1034
3.758559e-02 6.318336e-02 1 2500 1035
5.717381e-01 6.418688e-01 1 2500 1036
4.419941e-01 6.694513e-02 1 2500 1037
6.608252e-01 6.937910e-01 1 2500 1038
1.163790e-01 5.770713e-01 1 2500 1039
3.581976e-01 8.773012e-01 1 2500 1040
6.613979e-01 5.616587e-01 1 2500 1041
2.093571e-01 9.175497e-02 1 2500 1042
2.255839e-01 5.320599e-01 1 2500 1043
6.764080e-01 2.426359e-01 1 2500 1044
2.177031e-02 7.873806e-01 1 2500 1045
3.462370e-01 2.605247e-01 1 2500 1046
1.927689e-01 7.107622e-01 1 2500 1047
1.964577e-01 1.353192e-01 1 2500 1048
2.005922e-01 1.380860e-01 1 2500 1049
4.942625e-01 8.936883e-01 2 2500 1049
9.797324e-01 5.339232e-01 2 2500 1049
9.467513e-01 8.441015e-01 2 2500 1049
7.787453e-01 3.213719e-01 1 2500 1050
1.272722e-01 9.174913e-01 1 2500 1051
7.131905e-01 7.958170e-01 2 2500 1051
1.854806e-01 5.475414e-01 1 2500 1052
2.304618e-01 5.077178e-01 1 2500 1053
3.586237e-01 9.406860e-01 2 2500 1053
3.901757e-01 4.721270e-02 1 2500 1054
8.234827e-01 2.182685e-01 1 2500 1055
4.748331e-01 6.425587e-01 1 2500 1056
3.069224e-01 8.046965e-01 1 2500 1057
2.069474e-01 3.596339e-01 1 2500 1058
2.520969e-03 8.234016e-01 1 2500 1059
4.800192e-02 3.284634e-01 1 2500 1060
5.197356e-01 7.371987e-01 1 2500 1061
1.021484e-01 2.607973e-01 1 2500 1062
3.291791e-01 9.822108e-01 2 2500 1062
7.581934e-01 8.222258e-01 2 2500 1062
2.860761e-01 5.258360e-01 1 2500 1063
5.539606e-01 7.819583e-01 1 2500 1064
5.870629e-01 1.507482e-01 1 2500 1065
6.841008e-01 8.369292e-01 2 2500 1065
4.913133e-01 1.013504e-01 1 2500 1066
5.948208e-01 3.744464e-01 1 2500 1067
9.406051e-01 7.473724e-01 2 2500 1067
3.582664e-01 1.568705e-01 1 2500 1068
4.842048e-01 2.371111e-02 1 2500 1069
6.706049e-01 8.636991e-01 2 2500 1069
8.967075e-01 2.246220e-01 1 2500 1070
8.523300e-01 5.313253e-02 1 2500 1071
1.898290e-01 8.499845e-01 1 2500 1072
2.987215e-01 4.448451e-01 1 2500 1073
7.855049e-01 7.362850e-03 1 2500 1074
8.112421e-01 2.138622e-01 1 2500 1075
4.471385e-02 8.988977e-01 1 2500 1076
5.972319e-01 7.243916e-01 1 2500 1077
8.844968e-01 2.805052e-01 1 2500 1078
3.951304e-01 2.552119e-01 1 2500 1079
1.427599e-02 5.642871e-01 1 2500 1080
9.875689e-01 4.627750e-01 2 2500 1080
8.954487e-01 3.502944e-01 1 2500 1081
6.628864e-01 3.160817e-01 1 2500 1082
4.184488e-01 7.190614e-01 1 2500 1083
7.913851e-01 4.331402e-01 1 2500 1084
4.668816e-01 9.921500e-01 2 2500 1084
6.891997e-02 7.243592e-01 1 2500 1085
4.377740e-01 6.878484e-02 1 2500 1086
7.941735e-02 8.401616e-02 1 2500 1087
2.554133e-02 6.245004e-02 1 2500 1088
3.455033e-01 4.453379e-01 1 2500 1089
3.973316e-01 9.309550e-01 2 2500 1089
5.526591e-01 7.724378e-01 1 2500 1090
5.307396e-01 3.109023e-01 1 2500 1091
8.881099e-01 8.497422e-01 2 2500 1091
1.272015e-01 5.150539e-01 1 2500 1092
6.660111e-01 9.695909e-02 1 2500 1093
2.424802e-02 2.807033e-01 1 2500 1094
8.247458e-01 4.398498e-01 1 2500 1095
6.271000e-01 4.837702e-01 1 2500 1096
7.573147e-01 4.262501e-02 1 2500 1097
9.308862e-01 4.876790e-01 2 2500 1097
8.966149e-01 7.106008e-02 1 2500 1098
7.360132e-02 9.055092e-01 1 2500 1099
1.574553e-02 5.960810e-01 1 2500 1100
2.851951e-01 8.798197e-02 1 2500 1101
2.868797e-01 3.294629e-01 1 2500 1102
8.912405e-01 4.886786e-01 2 2500 1102
3.062751e-01 5.492458e-01 1 2500 1103
2.448699e-01 3.476541e-01 1 2500 1104
9.419015e-02 2.822548e-01 1 2500 1105
5.685190e-01 1.373636e-01 1 2500 1106
4.674566e-01 4.572804e-01 1 2500 1107
8.718765e-01 9.510863e-02 1 2500 1108
2.605920e-01 4.828052e-01 1 2500 1109
1.664254e-02 3.691130e-01 1 2500 1110
4.556000e-01 7.744079e-01 1 2500 1111
2.172173e-01 2.832714e-01 1 2500 1112
8.154707e-01 1.732343e-01 1 2500 1113
5.395615e-02 1.253281e-01 1 2500 1114
5.249582e-01 3.315720e-02 1 2500 1115
9.934376e-01 8.334983e-01 2 2500 1115
3.078155e-01 2.962615e-01 1 2500 1116
4.924836e-01 1.417573e-01 1 2500 1117
5.578527e-01 2.185032e-01 1 2500 1118
8.747880e-01 6.183229e-01 2 2500 1118
5.335725e-01 8.230218e-02 1 2500 1119
9.134443e-01 8.350859e-01 2 2500 1119
2.978496e-01 5.842247e-01 1 2500 1120
2.018199e-03 4.629341e-01 1 2500 1121
7.299982e-02 2.155730e-01 1 2500 1122
1.609906e-01 3.266567e-01 1 2500 1123
7.444159e-01 1.129413e-01 1 2500 1124
3.395330e-01 1.206439e-01 1 2500 1125
5.823055e-01 6.770603e-02 1 2500 1126
4.413888e-01 6.587762e-01 1 2500 1127
4.767055e-01 8.583703e-01 1 2500 1128
8.347225e-01 9.502784e-01 2 2500 1128
4.540965e-01 7.320072e-01 1 2500 1129
5.243045e-01 2.491310e-01 1 2500 1130
9.300819e-01 7.508957e-01 2 2500 1130
5.882460e-01 8.119890e-02 1 2500 1131
8.036676e-01 9.196446e-01 2 2500 1131
3.574890e-01 1.587064e-01 1 2500 1132
1.128776e-01 1.429054e-01 1 2500 1133
6.845284e-01 8.529040e-02 1 2500 1134
9.890088e-01 7.723591e-01 2 2500 1134
8.828393e-01 7.324497e-01 2 2500 1134
7.563425e-02 8.559596e-01 1 2500 1135
5.341653e-01 6.171317e-01 1 2500 1136
4.296602e-02 3.958497e-01 1 2500 1137
5.863083e-01 5.258023e-01 1 2500 1138
3.071254e-02 4.964864e-01 1 2500 1139
5.190008e-01 6.279870e-01 1 2500 1140
1.846247e-01 5.469018e-01 1 2500 1141
4.272055e-01 3.355046e-01 1 2500 1142
4.227125e-01 6.738029e-02 1 2500 1143
1.953878e-01 5.799930e-01 1 2500 1144
2.806757e-01 6.040524e-01 1 2500 1145
3.873459e-01 6.143178e-01 1 2500 1146
2.584944e-02 2.104225e-01 1 2500 1147
2.164358e-01 4.372632e-01 1 2500 1148
6.278671e-02 8.665016e-01 1 2500 1149
1.001054e-01 1.827066e-01 1 2500 1150
3.490911e-01 2.625696e-01 1 2500 1151
6.033131e-01 2.813156e-02 1 2500 1152
3.069856e-01 8.653760e-01 1 2500 1153
3.062728e-01 7.781111e-01 1 2500 1154
2.699292e-01 1.508560e-01 1 2500 1155
5.134173e-01 1.393824e-02 1 2500 1156
1.103777e-01 8.891158e-02 1 2500 1157
7.441161e-01 4.324456e-01 1 2500 1158
2.373187e-01 4.576868e-01 1 2500 1159
7.058995e-01 1.332564e-01 1 2500 1160
7.263575e-01 9.216859e-01 2 2500 1160
4.228433e-02 2.584783e-01 1 2500 1161
7.004372e-01 6.926160e-01 1 2500 1162
5.306291e-01 7.070094e-01 1 2500 1163
6.701382e-01 2.682676e-01 1 2500 1164
2.561991e-01 4.970118e-01 1 2500 1165
8.186944e-01 2.240568e-01 1 2500 1166
3.991622e-01 6.558550e-01 1 2500 1167
2.571177e-01 1.749226e-01 1 2500 1168
7.945674e-01 6.473755e-03 1 2500 1169
1.161270e-01 4.103870e-01 1 2500 1170
7.223026e-01 2.011492e-01 1 2500 1171
7.029680e-01 2.758460e-01 1 2500 1172
6.222854e-01 6.205046e-01 1 2500 1173
6.154289e-01 7.576071e-01 1 2500 1174
7.911756e-03 8.266951e-01 1 2500 1175
4.324584e-01 1.248192e-01 1 2500 1176
7.274578e-03 6.442115e-01 1 2500 1177
7.120480e-01 2.708789e-01 1 2500 1178
2.155392e-01 9.503875e-01 1 2500 1179
8.353806e-01 6.537748e-01 2 2500 1179
1.413834e-02 2.274364e-01 1 2500 1180
5.810825e-01 5.337488e-01 1 2500 1181
1.575743e-01 6.930735e-01 1 2500 1182
3.348967e-01 3.007350e-01 1 2500 1183
3.757065e-02 4.468681e-01 1 2500 1184
1.099776e-01 6.800780e-01 1 2500 1185
6.920540e-01 1.571373e-01 1 2500 1186
4.031184e-01 3.251643e-01 1 2500 1187
4.187153e-01 2.035656e-01 1 2500 1188
4.021354e-01 2.264169e-01 1 2500 1189
6.272095e-01 8.099103e-01 2 2500 1189
9.764755e-01 1.502008e-02 1 2500 1190
1.227536e-01 1.772520e-01 1 2500 1191
4.539762e-01 5.593934e-01 1 2500 1192
5.733337e-02 9.280504e-01 1 2500 1193
2.161852e-02 4.270231e-01 1 2500 1194
9.755010e-01 3.903242e-01 2 2500 1194
5.497036e-01 4.376383e-02 1 2500 1195
2.315087e-01 2.491301e-01 1 2500 1196
2.362662e-01 4.481905e-01 1 2500 1197
4.388218e-01 2.021573e-01 1 2500 1198
7.513063e-01 4.751795e-01 1 2500 1199
3.218050e-01 3.457968e-01 1 2500 1200
9.580410e-01 1.568009e-01 1 2500 1201
5.743118e-01 9.912419e-01 2 2500 1201
5.139582e-01 2.866213e-01 1 2500 1202
3.971543e-01 8.827167e-02 1 2500 1203
7.338626e-01 3.856653e-01 1 2500 1204
4.953658e-02 8.290405e-01 1 2500 1205
9.159498e-01 9.374820e-01 2 2500 1205
1.938518e-01 1.740125e-01 1 2500 1206
3.371569e-01 8.570322e-01 1 2500 1207
2.097004e-01 1.855564e-01 1 2500 1208
4.984175e-01 4.002315e-01 1 2500 1209
2.576553e-01 9.092308e-01 1 2500 1210
5.648574e-02 4.130487e-01 1 2500 1211
6.437427e-01 2.382329e-01 1 2500 1212
7.572005e-01 5.756883e-01 1 2500 1213
1.093547e-01 6.792686e-01 1 2500 1214
6.479706e-01 4.040247e-01 1 2500 1215
6.028864e-01 6.153248e-01 1 2500 1216
6.671213e-02 8.185536e-01 1 2500 1217
1.259877e-01 4.635549e-01 1 2500 1218
5.742008e-01 3.563993e-01 1 2500 1219
2.376277e-01 9.136137e-01 1 2500 1220
3.003243e-02 5.916726e-01 1 2500 1221
9.678843e-01 8.999899e-01 2 2500 1221
1.917574e-01 7.191282e-01 1 2500 1222
5.123983e-02 3.876120e-01 1 2500 1223
4.035818e-01 9.453722e-01 2 2500 1223
5.933147e-01 4.886479e-01 1 2500 1224
5.877284e-01 6.112005e-01 1 2500 1225
5.852540e-01 2.693991e-01 1 2500 1226
1.321029e-01 1.377603e-01 1 2500 1227
8.568423e-01 5.063400e-01 1 2500 1228
5.007732e-01 3.514440e-01 1 2500 1229
7.122431e-02 5.761414e-01 1 2500 1230
7.637595e-01 1.328958e-01 1 2500 1231
3.484856e-01 3.047315e-01 1 2500 1232
4.878411e-01 7.836473e-01 1 2500 1233
4.869944e-01 5.712357e-01 1 2500 1234
6.465919e-01 9.076058e-01 2 2500 1234
1.316428e-03 6.434740e-01 1 2500 1235
2.361323e-01 8.064179e-01 1 2500 1236
4.903890e-01 1.059752e-01 1 2500 1237
3.138577e-01 3.234705e-01 1 2500 1238
8.039333e-01 2.690606e-01 1 2500 1239
4.429409e-01 2.464903e-01 1 2500 1240
6.539529e-01 8.076417e-01 2 2500 1240
4.572134e-01 2.619721e-01 1 2500 1241
5.708097e-01 2.757221e-01 1 2500 1242
2.880326e-01 9.550059e-01 1 2500 1243
5.425528e-01 4.227001e-01 1 2500 1244
6.996808e-01 6.515780e-03 1 2500 1245
6.868097e-01 9.839797e-01 2 2500 1245
6.458154e-01 2.635584e-02 1 2500 1246
7.324471e-02 7.323423e-01 1 2500 1247
5.203689e-01 2.610469e-01 1 2500 1248
1.937856e-01 1.787927e-01 1 2500 1249
9.054831e-01 3.687721e-01 1 2500 1250
8.748428e-01 5.640061e-01 2 2500 1250
9.663110e-01 1.957032e-01 1 2500 1251
1.855806e-01 9.382141e-01 1 2500 1252
1.417297e-01 2.132779e-01 1 2500 1253
3.102591e-01 1.673652e-01 1 2500 1254
4.719625e-03 6.488305e-01 1 2500 1255
5.880242e-01 9.540081e-01 2 2500 1255
8.295850e-02 5.760879e-01 1 2500 1256
8.788832e-01 6.092792e-01 2 2500 1256
2.889447e-01 4.657967e-01 1 2500 1257
3.471042e-01 2.947765e-01 1 2500 1258
4.028287e-01 7.704791e-01 1 2500 1259
5.852370e-01 7.402992e-02 1 2500 1260
9.515155e-01 5.986231e-01 2 2500 1260
4.744798e-01 5.670619e-01 1 2500 1261
4.742864e-01 2.091015e-01 1 2500 1262
3.887438e-01 8.091022e-01 1 2500 1263
7.982430e-01 9.737855e-01 2 2500 1263
8.210262e-01 6.068950e-01 2 2500 1263
3.888743e-01 9.584390e-01 2 2500 1263
8.400445e-01 9.734061e-01 2 2500 1263
7.342787e-01 9.843565e-01 2 2500 1263
9.827131e-02 6.273577e-01 1 2500 1264
7.044688e-01 7.152040e-01 2 2500 1264
6.997533e-01 4.275662e-01 1 2500 1265
2.714355e-01 1.928053e-01 1 2500 1266
4.767140e-01 8.012519e-01 1 2500 1267
8.186840e-01 3.151329e-01 1 2500 1268
5.502864e-01 4.124957e-01 1 2500 1269
3.851008e-01 2.290390e-01 1 2500 1270
3.976110e-02 4.224445e-01 1 2500 1271
8.279735e-01 7.781712e-01 2 2500 1271
3.955001e-01 6.933795e-01 1 2500 1272
6.951426e-01 9.057219e-02 1 2500 1273
2.418476e-01 7.965769e-01 1 2500 1274
4.385767e-01 3.886005e-01 1 2500 1275
1.197027e-02 2.550888e-01 1 2500 1276
6.434638e-02 6.098496e-01 1 2500 1277
6.653879e-02 1.874245e-01 1 2500 1278
4.634622e-02 9.888080e-01 1 2500 1279
3.432828e-01 4.852613e-01 1 2500 1280
6.729753e-01 8.594856e-01 2 2500 1280
1.506117e-01 3.554493e-01 1 2500 1281
7.930061e-02 6.158548e-01 1 2500 1282
3.215748e-01 2.919124e-02 1 2500 1283
3.582035e-01 9.821710e-02 1 2500 1284
7.883948e-01 5.903559e-01 1 2500 1285
8.190560e-02 6.825176e-01 1 2500 1286
5.458888e-01 2.081039e-01 1 2500 1287
8.519358e-01 5.141126e-01 1 2500 1288
5.216688e-01 2.406622e-01 1 2500 1289
9.755056e-01 9.819179e-02 1 2500 1290
8.364983e-01 5.769389e-01 2 2500 1290
3.075341e-01 1.696876e-01 1 2500 1291
2.052506e-01 4.995110e-01 1 2500 1292
4.921065e-02 5.404662e-01 1 2500 1293
8.187939e-01 8.581029e-01 2 2500 1293
3.375788e-01 3.111255e-01 1 2500 1294
9.043313e-01 1.171249e-01 1 2500 1295
1.171665e-01 3.878530e-02 1 2500 1296
8.009564e-01 2.844789e-01 1 2500 1297
5.475555e-01 7.397682e-02 1 2500 1298
3.385383e-01 3.748973e-01 1 2500 1299
2.531777e-01 1.516290e-01 1 2500 1300
4.852749e-01 1.094360e-01 1 2500 1301
7.826542e-01 1.222248e-01 1 2500 1302
6.056495e-01 2.395423e-02 1 2500 1303
8.231412e-01 5.002665e-01 1 2500 1304
1.702770e-01 4.506756e-01 1 2500 1305
6.310217e-01 7.994870e-01 2 2500 1305
5.301645e-01 8.729360e-01 2 2500 1305
6.280117e-01 4.948232e-01 1 2500 1306
2.918266e-03 1.718265e-01 1 2500 1307
2.773789e-01 2.875693e-02 1 2500 1308
6.028813e-01 1.806309e-01 1 2500 1309
2.098688e-02 8.033685e-02 1 2500 1310
8.195879e-01 1.535958e-01 1 2500 1311
9.590360e-01 2.873264e-01 2 2500 1311
6.895071e-02 7.647615e-01 1 2500 1312
2.473284e-01 9.295136e-01 1 2500 1313
5.665804e-01 9.812050e-01 2 2500 1313
9.500621e-01 8.844678e-01 2 2500 1313
1.437305e-01 8.639197e-01 1 2500 1314
9.872834e-01 4.452545e-01 2 2500 1314
4.702395e-01 7.778787e-01 1 2500 1315
3.561312e-01 2.984236e-01 1 2500 1316
4.047985e-01 5.295612e-01 1 2500 1317
3.317342e-01 6.312642e-01 1 2500 1318
7.937674e-01 2.815512e-01 1 2500 1319
8.317719e-01 2.773301e-01 1 2500 1320
3.325208e-01 7.274728e-02 1 2500 1321
6.736830e-01 2.879407e-01 1 2500 1322
9.030744e-01 5.841114e-02 1 2500 1323
6.810193e-01 8.599735e-02 1 2500 1324
5.170160e-01 4.552605e-01 1 2500 1325
6.445450e-01 3.214050e-01 1 2500 1326
5.570938e-01 7.066409e-01 1 2500 1327
2.539319e-01 3.150685e-01 1 2500 1328
5.593026e-02 2.344268e-01 1 2500 1329
2.468383e-01 8.212381e-01 1 2500 1330
3.847740e-01 3.849215e-01 1 2500 1331
2.582245e-02 8.512125e-01 1 2500 1332
6.038895e-01 6.981766e-01 1 2500 1333
9.611760e-01 5.186271e-01 2 2500 1333
2.694555e-02 4.272865e-01 1 2500 1334
4.881043e-01 7.666711e-01 1 2500 1335
1.780321e-01 8.255032e-01 1 2500 1336
8.309898e-01 9.906068e-01 2 2500 1336
9.552301e-01 9.928283e-01 2 2500 1336
4.729607e-01 2.193099e-01 1 2500 1337
9.899710e-01 3.595790e-02 1 2500 1338
1.514930e-01 6.375556e-02 1 2500 1339
3.159868e-01 6.209769e-02 1 2500 1340
5.643740e-01 5.756405e-02 1 2500 1341
4.756812e-01 4.065859e-01 1 2500 1342
7.615368e-01 3.966783e-01 1 2500 1343
7.843297e-01 1.796875e-01 1 2500 1344
2.397108e-01 3.844511e-01 1 2500 1345
6.860611e-01 9.727823e-01 2 2500 1345
9.473572e-01 6.000116e-01 2 2500 1345
8.440639e-01 8.546804e-01 2 2500 1345
5.740278e-01 1.515133e-02 1 2500 1346
8.542468e-01 9.406420e-01 2 2500 1346
8.380446e-01 2.954122e-01 1 2500 1347
4.627310e-01 5.933053e-01 1 2500 1348
7.098621e-01 6.150363e-01 1 2500 1349
1.029349e-01 8.001317e-01 1 2500 1350
8.296040e-01 8.049009e-01 2 2500 1350
3.872997e-01 6.443646e-01 1 2500 1351
5.327782e-02 6.749242e-02 1 2500 1352
5.583650e-01 6.674703e-01 1 2500 1353
1.593867e-01 9.442264e-01 1 2500 1354
3.208673e-01 9.190199e-01 1 2500 1355
2.093387e-02 4.135609e-01 1 2500 1356
7.726620e-01 7.536219e-02 1 2500 1357
1.841768e-01 9.400336e-01 1 2500 1358
9.464188e-01 4.724232e-01 2 2500 1358
6.440888e-01 1.892028e-01 1 2500 1359
7.470839e-01 6.862407e-01 2 2500 1359
4.325148e-01 7.934171e-01 1 2500 1360
1.291970e-01 5.489331e-01 1 2500 1361
3.789716e-01 8.940126e-01 1 2500 1362
7.974427e-01 8.433680e-01 2 2500 1362
8.558879e-01 7.349909e-01 2 2500 1362
5.096855e-02 5.837834e-01 1 2500 1363
4.255258e-01 8.874183e-01 1 2500 1364
3.493445e-01 2.781160e-01 1 2500 1365
5.776280e-01 9.025161e-02 1 2500 1366
7.430898e-01 6.789523e-01 2 2500 1366
4.424668e-01 9.575254e-01 2 2500 1366
8.581047e-01 4.816325e-01 1 2500 1367
5.204991e-01 2.480686e-01 1 2500 1368
2.443774e-01 9.425215e-01 1 2500 1369
5.921285e-01 4.796264e-01 1 2500 1370
7.976105e-01 5.214830e-01 1 2500 1371
7.134342e-01 1.306829e-01 1 2500 1372
7.412820e-01 3.652656e-02 1 2500 1373
4.901066e-01 1.210244e-01 1 2500 1374
5.853244e-01 1.360603e-01 1 2500 1375
7.264762e-01 6.379730e-01 1 2500 1376
5.029530e-01 2.170512e-01 1 2500 1377
5.260021e-01 3.665976e-01 1 2500 1378
9.761211e-01 5.290824e-01 2 2500 1378
4.715537e-01 5.152282e-01 1 2500 1379
7.954156e-01 2.388578e-01 1 2500 1380
8.282930e-01 2.245504e-01 1 2500 1381
5.308191e-01 1.522614e-03 1 2500 1382
8.592128e-01 6.094459e-01 2 2500 1382
3.372253e-02 8.762934e-01 1 2500 1383
7.571901e-01 3.912061e-01 1 2500 1384
2.977182e-01 8.463773e-01 1 2500 1385
7.212266e-01 1.010676e-01 1 2500 1386
6.403404e-01 2.304116e-01 1 2500 1387
4.325264e-01 3.428089e-01 1 2500 1388
4.019319e-01 2.770759e-01 1 2500 1389
7.193192e-01 7.000374e-01 2 2500 1389
4.400667e-02 3.993295e-01 1 2500 1390
3.045530e-02 6.391074e-01 1 2500 1391
1.715396e-01 6.815017e-01 1 2500 1392
5.522322e-01 2.916464e-01 1 2500 1393
2.076057e-01 1.560680e-01 1 2500 1394
3.214845e-01 7.945686e-01 1 2500 1395
7.344059e-01 3.660022e-01 1 2500 1396
9.826529e-01 5.081620e-01 2 2500 1396
8.331468e-01 1.748056e-01 1 2500 1397
4.923360e-01 2.294353e-01 1 2500 1398
4.269753e-01 7.716505e-01 1 2500 1399
7.576969e-01 6.983697e-01 2 2500 1399
8.488314e-01 3.750695e-01 1 2500 1400
7.418561e-01 2.733073e-01 1 2500 1401
5.090596e-01 2.890919e-01 1 2500 1402
4.282648e-01 3.094009e-01 1 2500 1403
2.203892e-01 1.821579e-02 1 2500 1404
1.634072e-01 7.924035e-01 1 2500 1405
2.534844e-01 4.356401e-01 1 2500 1406
9.358243e-01 3.547281e-01 2 2500 1406
6.086863e-01 8.963604e-01 2 2500 1406
3.934498e-01 4.427758e-01 1 2500 1407
2.899726e-02 4.306289e-01 1 2500 1408
9.742357e-01 3.507251e-01 2 2500 1408
5.859378e-01 4.510432e-01 1 2500 1409
7.465056e-01 5.762908e-02 1 2500 1410
4.299740e-01 3.603078e-01 1 2500 1411
5.755903e-01 8.028292e-01 1 2500 1412
4.012908e-01 6.270775e-01 1 2500 1413
2.388058e-01 3.949549e-01 1 2500 1414
8.870193e-01 8.428044e-01 2 2500 1414
2.623336e-02 9.436742e-01 1 2500 1415
2.979429e-01 8.569172e-01 1 2500 1416
6.713803e-01 5.110130e-01 1 2500 1417
3.694076e-01 2.787810e-01 1 2500 1418
3.971283e-01 5.881393e-01 1 2500 1419
6.400205e-01 8.405113e-01 2 2500 1419
4.870630e-01 2.818698e-01 1 2500 1420
1.409424e-01 5.433623e-02 1 2500 1421
8.150766e-01 5.940439e-01 2 2500 1421
7.848500e-01 5.461416e-01 1 2500 1422
7.030007e-01 6.695072e-01 1 2500 1423
2.712122e-01 2.570960e-02 1 2500 1424
4.156479e-01 2.300380e-02 1 2500 1425
1.608892e-01 2.911975e-01 1 2500 1426
7.006284e-01 8.003638e-01 2 2500 1426
6.357650e-01 6.862173e-02 1 2500 1427
8.824412e-01 3.170230e-01 1 2500 1428
8.353463e-01 4.554193e-01 1 2500 1429
5.556232e-01 7.800363e-01 1 2500 1430
7.975958e-01 9.787687e-01 2 2500 1430
2.263828e-02 4.759079e-01 1 2500 1431
8.574873e-01 2.210260e-01 1 2500 1432
8.641461e-02 3.496774e-02 1 2500 1433
9.806617e-01 2.651511e-01 2 2500 1433
6.284026e-01 3.071205e-01 1 2500 1434
9.876555e-01 6.962249e-03 1 2500 1435
1.428349e-01 7.396999e-02 1 2500 1436
7.658197e-01 3.083598e-01 1 2500 1437
7.359108e-01 2.268724e-01 1 2500 1438
6.049113e-01 7.146553e-01 1 2500 1439
9.432315e-01 9.514234e-01 2 2500 1439
5.153545e-01 1.190665e-01 1 2500 1440
6.193377e-01 8.211091e-01 2 2500 1440
2.150454e-01 7.793565e-01 1 2500 1441
1.518407e-01 9.776757e-01 1 2500 1442
1.711277e-01 7.269593e-01 1 2500 1443
6.731411e-01 1.689249e-01 1 2500 1444
2.899006e-01 6.476700e-01 1 2500 1445
7.073528e-01 5.335610e-01 1 2500 1446
8.987951e-01 6.336646e-01 2 2500 1446
8.936367e-01 5.912102e-01 2 2500 1446
8.515583e-01 9.874423e-01 2 2500 1446
8.633911e-01 9.907147e-01 2 2500 1446
8.099472e-01 6.104530e-01 2 2500 1446
8.516191e-01 3.919632e-01 1 2500 1447
6.555456e-01 7.620762e-01 2 2500 1447
5.647000e-01 8.048457e-01 1 2500 1448
3.868810e-01 3.434365e-01 1 2500 1449
2.094352e-02 9.024532e-01 1 2500 1450
4.887042e-01 2.456660e-01 1 2500 1451
4.212964e-01 3.604125e-02 1 2500 1452
1.070470e-01 8.917801e-01 1 2500 1453
1.596023e-01 2.510638e-01 1 2500 1454
6.753079e-01 1.292157e-01 1 2500 1455
1.324584e-01 7.141711e-01 1 2500 1456
9.877074e-01 6.958530e-02 1 2500 1457
4.364456e-01 1.994099e-01 1 2500 1458
7.635205e-01 3.784632e-01 1 2500 1459
4.760964e-01 6.663798e-01 1 2500 1460
6.966317e-01 4.097831e-01 1 2500 1461
3.082094e-01 8.801797e-03 1 2500 1462
9.056713e-01 9.258823e-01 2 2500 1462
1.156587e-01 6.903205e-01 1 2500 1463
2.165564e-01 1.207656e-01 1 2500 1464
8.087634e-02 6.439831e-01 1 2500 1465
5.111641e-02 3.191929e-01 1 2500 1466
5.379641e-01 8.699305e-01 2 2500 1466
7.269227e-01 4.873353e-01 1 2500 1467
9.070641e-01 8.743137e-01 2 2500 1467
3.105963e-01 7.358093e-01 1 2500 1468
9.660213e-01 1.254680e-01 1 2500 1469
7.242391e-01 8.846903e-01 2 2500 1469
9.340849e-02 7.203886e-01 1 2500 1470
6.041415e-01 2.044830e-01 1 2500 1471
2.978827e-01 3.656290e-01 1 2500 1472
9.981795e-01 7.287383e-01 2 2500 1472
5.617542e-01 4.727279e-02 1 2500 1473
7.033206e-01 9.762413e-02 1 2500 1474
8.203820e-01 1.218066e-01 1 2500 1475
8.533039e-01 6.371865e-01 2 2500 1475
6.039432e-01 9.352712e-01 2 2500 1475
7.900171e-03 8.256711e-02 1 2500 1476
6.518224e-01 1.576953e-01 1 2500 1477
9.366473e-01 6.185936e-01 2 2500 1477
1.905801e-01 3.284254e-01 1 2500 1478
4.211476e-01 9.834645e-01 2 2500 1478
5.202076e-01 8.478223e-01 1 2500 1479
4.551142e-01 9.320726e-01 2 2500 1479
6.165273e-01 2.227498e-01 1 2500 1480
6.383615e-02 1.945595e-01 1 2500 1481
4.416358e-01 9.965390e-01 2 2500 1481
1.909573e-01 4.999150e-02 1 2500 1482
8.835058e-01 6.321144e-01 2 2500 1482
6.966556e-01 6.996828e-01 1 2500 1483
4.298450e-01 9.456387e-01 2 2500 1483
8.796644e-01 5.836456e-01 2 2500 1483
1.204715e-01 4.186966e-01 1 2500 1484
8.719464e-01 2.282544e-01 1 2500 1485
8.833255e-01 7.835792e-01 2 2500 1485
4.844100e-01 4.633580e-01 1 2500 1486
6.766870e-01 2.342782e-01 1 2500 1487
1.202037e-01 2.784802e-02 1 2500 1488
1.737476e-01 2.036141e-01 1 2500 1489
8.767076e-01 5.353738e-01 2 2500 1489
5.915456e-01 4.164153e-01 1 2500 1490
5.660027e-01 9.160699e-01 2 2500 1490
4.209710e-01 8.753010e-01 1 2500 1491
9.968288e-01 7.169390e-01 2 2500 1491
2.467909e-01 9.738928e-01 2 2500 1491
7.240910e-02 1.957301e-01 1 2500 1492
9.445189e-01 7.905855e-01 2 2500 1492
6.491074e-01 1.830656e-01 1 2500 1493
8.241460e-01 3.263235e-01 1 2500 1494
9.426858e-01 2.648232e-01 1 2500 1495
6.550477e-01 2.134938e-01 1 2500 1496
6.384583e-01 9.273793e-02 1 2500 1497
7.301544e-01 1.664956e-01 1 2500 1498
6.468703e-01 8.373996e-01 2 2500 1498
4.508104e-01 8.297011e-01 1 2500 1499
4.692461e-01 3.921574e-01 1 2500 1500
7.817717e-01 5.175316e-01 1 2500 1501
9.345948e-01 7.635628e-01 2 2500 1501
6.678651e-01 3.808927e-01 1 2500 1502
6.338164e-01 8.720506e-01 2 2500 1502
7.423037e-01 7.891851e-01 2 2500 1502
4.167392e-01 2.234624e-02 1 2500 1503
4.926058e-01 5.152196e-01 1 2500 1504
9.985373e-02 5.071603e-01 1 2500 1505
7.226921e-01 7.919333e-01 2 2500 1505
4.471661e-01 9.568281e-01 2 2500 1505
8.450811e-01 3.536646e-03 1 2500 1506
1.164050e-01 7.739898e-01 1 2500 1507
9.094671e-01 9.886213e-01 2 2500 1507
3.936867e-01 9.943923e-01 2 2500 1507
8.559100e-01 9.413297e-01 2 2500 1507
6.898128e-01 8.793067e-01 2 2500 1507
1.829960e-01 7.378430e-01 1 2500 1508
9.187261e-02 2.421863e-01 1 2500 1509
4.306612e-01 4.985755e-01 1 2500 1510
4.116550e-01 9.929851e-01 2 2500 1510
7.510619e-01 1.257732e-01 1 2500 1511
6.411533e-01 2.145510e-01 1 2500 1512
2.612056e-01 4.276994e-01 1 2500 1513
3.113681e-01 4.256412e-02 1 2500 1514
4.771229e-01 2.242593e-01 1 2500 1515
2.050765e-01 9.626142e-01 1 2500 1516
7.470879e-01 6.683455e-01 2 2500 1516
4.579151e-01 1.832843e-01 1 2500 1517
4.545972e-01 7.641313e-01 1 2500 1518
5.843468e-01 9.713946e-01 2 2500 1518
3.874899e-01 4.857996e-01 1 2500 1519
7.949205e-01 9.486581e-01 2 2500 1519
9.685453e-01 5.144102e-01 2 2500 1519
4.472619e-01 2.244313e-01 1 2500 1520
5.947716e-01 1.649417e-01 1 2500 1521
5.967428e-01 3.266936e-01 1 2500 1522
5.347470e-01 9.218566e-01 2 2500 1522
9.489683e-01 7.454603e-01 2 2500 1522
1.708109e-01 1.604098e-01 1 2500 1523
9.113859e-01 5.513154e-01 2 2500 1523
5.980728e-01 3.590234e-01 1 2500 1524
3.087736e-01 1.768344e-01 1 2500 1525
3.730348e-01 4.250891e-01 1 2500 1526
8.107267e-01 5.438645e-01 1 2500 1527
4.488639e-01 1.721417e-01 1 2500 1528
6.716203e-01 6.340202e-01 1 2500 1529
9.785089e-01 5.380861e-01 2 2500 1529
5.638330e-01 1.825143e-02 1 2500 1530
1.457715e-01 5.037658e-01 1 2500 1531
1.826294e-01 9.129153e-01 1 2500 1532
2.793757e-01 4.402232e-01 1 2500 1533
3.313449e-01 8.882085e-01 1 2500 1534
6.067109e-01 7.685595e-01 1 2500 1535
3.530116e-01 9.842012e-01 2 2500 1535
8.042575e-01 8.222960e-01 2 2500 1535
7.502281e-01 1.924518e-01 1 2500 1536
1.858558e-01 7.747273e-01 1 2500 1537
6.360798e-01 8.689213e-01 2 2500 1537
4.038548e-01 6.045581e-01 1 2500 1538
5.959820e-01 8.952025e-01 2 2500 1538
2.338095e-03 3.558493e-01 1 2500 1539
6.034686e-02 9.843991e-01 1 2500 1540
9.029432e-01 4.328963e-01 2 2500 1540
6.970478e-01 4.902689e-01 1 2500 1541
5.013630e-01 6.434547e-01 1 2500 1542
6.973574e-01 9.056418e-01 2 2500 1542
6.283029e-01 2.707889e-02 1 2500 1543
8.641608e-01 9.001848e-01 2 2500 1543
8.369742e-01 9.388842e-01 2 2500 1543
5.693850e-01 4.696572e-01 1 2500 1544
9.762942e-01 1.776606e-01 1 2500 1545
4.005757e-02 5.772608e-02 1 2500 1546
2.341083e-01 2.136088e-01 1 2500 1547
4.150458e-01 7.852939e-01 1 2500 1548
8.378656e-01 4.590364e-01 1 2500 1549
4.086077e-01 6.345577e-01 1 2500 1550
1.458754e-01 8.007650e-03 1 2500 1551
9.095348e-01 6.947337e-02 1 2500 1552
6.539849e-01 5.769976e-01 1 2500 1553
7.616992e-02 3.207337e-02 1 2500 1554
8.165011e-01 1.915571e-01 1 2500 1555
4.758144e-01 9.482927e-01 2 2500 1555
7.598396e-01 1.768065e-01 1 2500 1556
9.104420e-01 2.797781e-01 1 2500 1557
8.639383e-01 1.261025e-01 1 2500 1558
4.170138e-01 9.412202e-01 2 2500 1558
5.044077e-01 7.180812e-01 1 2500 1559
8.608256e-01 1.665809e-01 1 2500 1560
5.193721e-01 2.862010e-01 1 2500 1561
5.312792e-01 6.585354e-01 1 2500 1562
6.474546e-01 7.658281e-01 2 2500 1562
4.549840e-01 6.120777e-01 1 2500 1563
2.058375e-01 2.466864e-01 1 2500 1564
2.442470e-01 6.849798e-01 1 2500 1565
7.983344e-01 8.947397e-01 2 2500 1565
2.976216e-01 3.597527e-01 1 2500 1566
6.553006e-01 3.950173e-01 1 2500 1567
9.600324e-01 2.008180e-01 1 2500 1568
4.110982e-01 8.195285e-01 1 2500 1569
2.791034e-01 7.981281e-02 1 2500 1570
3.503604e-01 4.038663e-01 1 2500 1571
1.660780e-01 6.437631e-01 1 2500 1572
4.909869e-01 9.835836e-01 2 2500 1572
9.025584e-01 5.842539e-01 2 2500 1572
8.294055e-01 4.582989e-01 1 2500 1573
1.953881e-01 4.527310e-01 1 2500 1574
8.031380e-01 4.978832e-01 1 2500 1575
7.832126e-01 6.424619e-01 2 2500 1575
8.818481e-01 7.769913e-01 2 2500 1575
2.888420e-01 8.475002e-01 1 2500 1576
7.733080e-01 7.342269e-01 2 2500 1576
2.421810e-01 7.692984e-01 1 2500 1577
5.934694e-01 2.926063e-01 1 2500 1578
8.069068e-01 8.168624e-01 2 2500 1578
8.595828e-01 5.647307e-01 2 2500 1578
2.058587e-01 5.287557e-01 1 2500 1579
3.884798e-01 3.934877e-01 1 2500 1580
4.093944e-02 4.679790e-01 1 2500 1581
5.654275e-02 3.057422e-01 1 2500 1582
8.741421e-01 8.213215e-01 2 2500 1582
4.215763e-01 6.252953e-01 1 2500 1583
8.627039e-01 3.984967e-01 1 2500 1584
8.182937e-01 6.802927e-01 2 2500 1584
9.616681e-01 2.729348e-01 1 2500 1585
1.102479e-01 7.611044e-01 1 2500 1586
4.415834e-01 7.716464e-01 1 2500 1587
6.930937e-01 9.928900e-01 2 2500 1587
9.485303e-01 6.578471e-01 2 2500 1587
4.362463e-01 2.971917e-01 1 2500 1588
8.002376e-01 3.362230e-01 1 2500 1589
7.549355e-01 6.473336e-01 1 2500 1590
9.426443e-01 3.213167e-01 1 2500 1591
7.418440e-01 2.064391e-01 1 2500 1592
2.828222e-02 6.321236e-01 1 2500 1593
9.806365e-01 6.651938e-01 2 2500 1593
8.510076e-01 5.337176e-01 2 2500 1593
1.157486e-01 8.407013e-02 1 2500 1594
5.306580e-01 4.492545e-01 1 2500 1595
2.128215e-01 4.218292e-01 1 2500 1596
9.311773e-01 8.126338e-02 1 2500 1597
7.687826e-01 5.781265e-01 1 2500 1598
4.728556e-01 9.142236e-02 1 2500 1599
4.522242e-01 2.756833e-01 1 2500 1600
7.029258e-01 1.640873e-01 1 2500 1601
7.013723e-01 6.591695e-01 1 2500 1602
8.873041e-01 1.418181e-01 1 2500 1603
8.631348e-02 8.132817e-01 1 2500 1604
7.364081e-01 9.886564e-01 2 2500 1604
2.823589e-01 7.769007e-01 1 2500 1605
9.372274e-01 6.356356e-02 1 2500 1606
7.301373e-01 2.347854e-01 1 2500 1607
5.400455e-01 8.998493e-01 2 2500 1607
6.226837e-01 2.608728e-01 1 2500 1608
5.378281e-01 1.380895e-01 1 2500 1609
5.071359e-01 6.135238e-01 1 2500 1610
2.780171e-01 9.546814e-01 1 2500 1611
1.390334e-01 6.774907e-01 1 2500 1612
3.982837e-02 2.663089e-01 1 2500 1613
1.544947e-01 6.500570e-01 1 2500 1614
6.076433e-01 2.720576e-01 1 2500 1615
7.118697e-01 8.363009e-01 2 2500 1615
9.311902e-01 6.849038e-01 2 2500 1615
2.116921e-01 4.796384e-01 1 2500 1616
5.193327e-01 6.571226e-01 1 2500 1617
7.609634e-01 8.784931e-01 2 2500 1617
4.000505e-01 8.992401e-01 1 2500 1618
7.941534e-01 9.000924e-01 2 2500 1618
3.785386e-01 5.042778e-01 1 2500 1619
8.740673e-01 6.122908e-01 2 2500 1619
8.243257e-01 9.606337e-01 2 2500 1619
9.083433e-01 6.870897e-02 1 2500 1620
2.583318e-01 5.461842e-02 1 2500 1621
1.347782e-01 9.103444e-01 1 2500 1622
6.445085e-01 9.220937e-01 2 2500 1622
3.753032e-01 5.581778e-01 1 2500 1623
4.986849e-01 1.336448e-01 1 2500 1624
6.140732e-01 6.034485e-01 1 2500 1625
7.106205e-01 8.856306e-02 1 2500 1626
4.342831e-02 4.821912e-01 1 2500 1627
1.314903e-01 1.149060e-03 1 2500 1628
4.578003e-01 5.713327e-01 1 2500 1629
4.082195e-01 9.897172e-02 1 2500 1630
5.454952e-01 1.254639e-01 1 2500 1631
5.474265e-02 1.063088e-01 1 2500 1632
7.662110e-01 9.558519e-01 2 2500 1632
7.764443e-01 9.695650e-01 2 2500 1632
4.598052e-01 4.258797e-01 1 2500 1633
9.888482e-01 8.665207e-01 2 2500 1633
3.123500e-01 3.285184e-01 1 2500 1634
6.147465e-01 9.221073e-01 2 2500 1634
5.418506e-01 1.956356e-01 1 2500 1635
4.737291e-01 7.488837e-01 1 2500 1636
5.928407e-01 5.882899e-02 1 2500 1637
5.023827e-01 3.441780e-01 1 2500 1638
2.975430e-01 6.979991e-02 1 2500 1639
1.614640e-01 7.876650e-01 1 2500 1640
8.001633e-01 7.816019e-02 1 2500 1641
7.518029e-01 9.123111e-02 1 2500 1642
2.987326e-01 9.756505e-01 2 2500 1642
2.322298e-01 8.375883e-01 1 2500 1643
8.930160e-01 4.537542e-01 2 2500 1643
6.900752e-01 7.763879e-01 2 2500 1643
9.488196e-02 1.211823e-01 1 2500 1644
3.746555e-01 3.871909e-01 1 2500 1645
2.227267e-01 5.256330e-01 1 2500 1646
4.825354e-01 2.921894e-01 1 2500 1647
6.660364e-01 4.224757e-01 1 2500 1648
5.958328e-01 9.550548e-01 2 2500 1648
1.765493e-01 5.109118e-01 1 2500 1649
1.265742e-01 3.519445e-01 1 2500 1650
1.253157e-01 3.335905e-01 1 2500 1651
1.384467e-01 2.321902e-01 1 2500 1652
9.402750e-01 6.156766e-02 1 2500 1653
9.603543e-02 9.398539e-01 1 2500 1654
8.650595e-01 3.450320e-01 1 2500 1655
2.765614e-01 5.039338e-01 1 2500 1656
7.627180e-04 8.150403e-01 1 2500 1657
5.781778e-01 8.845687e-01 2 2500 1657
2.661952e-02 2.547459e-01 1 2500 1658
1.049011e-01 6.241546e-01 1 2500 1659
9.734741e-01 1.736207e-01 1 2500 1660
1.243381e-01 7.136674e-01 1 2500 1661
5.492222e-01 5.009512e-01 1 2500 1662
9.294236e-01 4.913919e-01 2 2500 1662
2.387177e-01 7.267180e-01 1 2500 1663
9.046840e-02 1.660660e-01 1 2500 1664
3.616523e-01 5.664233e-01 1 2500 1665
9.243461e-01 3.660545e-01 1 2500 1666
3.626300e-01 1.470585e-01 1 2500 1667
5.712953e-01 3.411358e-01 1 2500 1668
1.007461e-01 6.576466e-01 1 2500 1669
8.726933e-01 8.835868e-01 2 2500 1669
3.510802e-01 3.831555e-01 1 2500 1670
5.264446e-01 7.246009e-01 1 2500 1671
1.363320e-01 1.281663e-01 1 2500 1672
4.442601e-01 5.056776e-01 1 2500 1673
3.924860e-01 1.404079e-01 1 2500 1674
9.930944e-01 5.242609e-01 2 2500 1674
4.021021e-01 1.200579e-01 1 2500 1675
1.670004e-01 1.375126e-01 1 2500 1676
5.559644e-01 6.545295e-01 1 2500 1677
2.646850e-01 2.197365e-01 1 2500 1678
7.220536e-01 9.940715e-01 2 2500 1678
7.866101e-01 4.039779e-02 1 2500 1679
8.501430e-01 6.812134e-01 2 2500 1679
3.527914e-02 1.794686e-01 1 2500 1680
9.032337e-01 3.929051e-01 1 2500 1681
6.221755e-01 4.756873e-01 1 2500 1682
6.235624e-01 2.570869e-01 1 2500 1683
7.017218e-01 5.648961e-01 1 2500 1684
1.865428e-01 5.741720e-01 1 2500 1685
6.567527e-01 3.249157e-01 1 2500 1686
2.810365e-01 8.782504e-01 1 2500 1687
9.535440e-01 5.469007e-01 2 2500 1687
9.690728e-01 4.664722e-01 2 2500 1687
8.154841e-02 7.094987e-01 1 2500 1688
1.237251e-01 6.047346e-01 1 2500 1689
8.901695e-02 1.268825e-01 1 2500 1690
6.473362e-01 2.811962e-01 1 2500 1691
7.877936e-02 5.470387e-02 1 2500 1692
2.485630e-01 9.398635e-01 1 2500 1693
8.139949e-01 6.787747e-01 2 2500 1693
8.299194e-01 9.273939e-01 2 2500 1693
1.863438e-01 4.013262e-01 1 2500 1694
5.901490e-01 8.136080e-01 2 2500 1694
2.405131e-01 2.443485e-02 1 2500 1695
6.675523e-01 7.998206e-01 2 2500 1695
8.360557e-01 2.949973e-01 1 2500 1696
5.771076e-03 9.883094e-01 1 2500 1697
9.630659e-01 2.600561e-02 1 2500 1698
9.328949e-01 5.654300e-01 2 2500 1698
8.023222e-01 6.427609e-01 2 2500 1698
2.383371e-01 8.252293e-01 1 2500 1699
8.673127e-01 9.542394e-01 2 2500 1699
5.637535e-01 9.041216e-01 2 2500 1699
9.669790e-01 4.637596e-01 2 2500 1699
8.751002e-02 8.614854e-01 1 2500 1700
2.212036e-02 5.881174e-01 1 2500 1701
4.683103e-02 5.284350e-01 1 2500 1702
8.584759e-01 5.860292e-01 2 2500 1702
7.554657e-01 6.615899e-01 2 2500 1702
7.439678e-01 9.525995e-01 2 2500 1702
5.497795e-01 6.709542e-01 1 2500 1703
9.352594e-01 9.019127e-01 2 2500 1703
5.926695e-01 5.693816e-01 1 2500 1704
4.694969e-01 7.801280e-01 1 2500 1705
7.492102e-02 2.566045e-01 1 2500 1706
5.380325e-01 2.365772e-01 1 2500 1707
4.548205e-01 9.767825e-01 2 2500 1707
7.183828e-01 2.867490e-01 1 2500 1708
9.012372e-01 2.707191e-01 1 2500 1709
4.848886e-01 1.756206e-01 1 2500 1710
1.908014e-01 5.130961e-01 1 2500 1711
4.223670e-01 3.894081e-01 1 2500 1712
4.919274e-01 2.447082e-01 1 2500 1713
3.396231e-01 9.338695e-01 1 2500 1714
1.149510e-01 9.945794e-02 1 2500 1715
6.289043e-01 5.759166e-01 1 2500 1716
9.577947e-01 5.580532e-01 2 2500 1716
3.266736e-01 5.449973e-01 1 2500 1717
6.289046e-01 7.413363e-01 1 2500 1718
6.588154e-02 5.515237e-01 1 2500 1719
6.949381e-01 6.368199e-01 1 2500 1720
2.508396e-01 8.285775e-01 1 2500 1721
3.796295e-01 1.894839e-01 1 2500 1722
6.368728e-01 3.000841e-01 1 2500 1723
4.218053e-01 6.017855e-01 1 2500 1724
6.606662e-01 1.695747e-01 1 2500 1725
7.865710e-01 9.768355e-01 2 2500 1725
1.111072e-01 8.451233e-01 1 2500 1726
9.030171e-01 8.900960e-02 1 2500 1727
5.343642e-01 5.404914e-01 1 2500 1728
1.293245e-01 8.499871e-01 1 2500 1729
4.555714e-01 7.143364e-01 1 2500 1730
4.236507e-01 3.189839e-01 1 2500 1731
6.965237e-01 7.510924e-01 2 2500 1731
7.913695e-01 3.624179e-01 1 2500 1732
4.191108e-01 6.997263e-01 1 2500 1733
8.682114e-01 5.074848e-01 2 2500 1733
3.892212e-02 9.547875e-01 1 2500 1734
9.522112e-01 5.238302e-01 2 2500 1734
7.252497e-01 7.838826e-01 2 2500 1734
6.983446e-01 4.873049e-01 1 2500 1735
4.704098e-01 3.576480e-02 1 2500 1736
7.138712e-01 9.990164e-01 2 2500 1736
4.605292e-01 5.459289e-01 1 2500 1737
5.106371e-01 8.113519e-01 1 2500 1738
2.372996e-01 9.897961e-01 2 2500 1738
7.275881e-01 1.982995e-01 1 2500 1739
5.137023e-01 3.518115e-01 1 2500 1740
4.216873e-01 3.857510e-01 1 2500 1741
1.292313e-02 2.040229e-01 1 2500 1742
8.248329e-01 3.062096e-02 1 2500 1743
8.059542e-01 7.937087e-01 2 2500 1743
2.831448e-01 4.290012e-01 1 2500 1744
3.101770e-01 7.404657e-01 1 2500 1745
4.866425e-01 7.277482e-01 1 2500 1746
2.802805e-01 2.033512e-02 1 2500 1747
1.926995e-01 9.336725e-01 1 2500 1748
8.825390e-01 7.493561e-03 1 2500 1749
7.094908e-01 8.164065e-03 1 2500 1750
4.351172e-01 9.182223e-01 2 2500 1750
1.024552e-01 2.151680e-01 1 2500 1751
4.347083e-01 5.094071e-01 1 2500 1752
7.876241e-02 4.787479e-01 1 2500 1753
2.569837e-01 5.706823e-01 1 2500 1754
3.974956e-01 6.083346e-01 1 2500 1755
1.003013e-01 2.345621e-01 1 2500 1756
4.294561e-01 4.539413e-01 1 2500 1757
7.539508e-01 1.709228e-01 1 2500 1758
9.458986e-01 6.367727e-01 2 2500 1758
1.809812e-01 4.331148e-01 1 2500 1759
6.569622e-01 7.652884e-01 2 2500 1759
5.324576e-01 9.860952e-01 2 2500 1759
9.034059e-01 8.814077e-01 2 2500 1759
3.409455e-01 3.365544e-01 1 2500 1760
4.279630e-01 4.211226e-01 1 2500 1761
6.675744e-01 1.707160e-01 1 2500 1762
7.810340e-01 8.044051e-01 2 2500 1762
4.690595e-02 7.866058e-01 1 2500 1763
8.874032e-01 2.089524e-01 1 2500 1764
9.337125e-01 2.018492e-01 1 2500 1765
5.621387e-01 7.468652e-01 1 2500 1766
9.099732e-03 2.044819e-01 1 2500 1767
8.919378e-01 7.149106e-02 1 2500 1768
4.608374e-01 6.938891e-01 1 2500 1769
9.186447e-01 1.437512e-02 1 2500 1770
7.424376e-03 6.051700e-01 1 2500 1771
6.564409e-01 8.925114e-01 2 2500 1771
2.499126e-01 3.811821e-01 1 2500 1772
7.664232e-01 4.091946e-03 1 2500 1773
2.621441e-01 6.714712e-01 1 2500 1774
8.875715e-01 2.531965e-01 1 2500 1775
7.237585e-01 2.872897e-01 1 2500 1776
7.632193e-01 3.281007e-01 1 2500 1777
5.449712e-01 7.783224e-01 1 2500 1778
4.326961e-02 7.931087e-01 1 2500 1779
8.971590e-01 3.777914e-01 1 2500 1780
5.899237e-01 8.721924e-01 2 2500 1780
9.814384e-01 8.597786e-01 2 2500 1780
2.377383e-01 1.003915e-01 1 2500 1781
2.990758e-02 3.170274e-01 1 2500 1782
1.845752e-02 1.871695e-01 1 2500 1783
9.404248e-01 2.006458e-01 1 2500 1784
6.800929e-01 3.902057e-01 1 2500 1785
9.721053e-01 8.315712e-01 2 2500 1785
5.996229e-01 2.852426e-01 1 2500 1786
3.971137e-01 9.669155e-01 2 2500 1786
8.065543e-01 7.175134e-01 2 2500 1786
5.067682e-01 9.140091e-01 2 2500 1786
8.758455e-01 1.512440e-01 1 2500 1787
3.693519e-01 1.809523e-02 1 2500 1788
3.320094e-01 2.634909e-04 1 2500 1789
6.631047e-01 1.126045e-01 1 2500 1790
2.387104e-01 8.181614e-01 1 2500 1791
4.616143e-01 9.665951e-01 2 2500 1791
1.071037e-01 7.908120e-01 1 2500 1792
5.606134e-01 8.268963e-01 1 2500 1793
2.734157e-01 1.495941e-02 1 2500 1794
9.090362e-01 1.024012e-01 1 2500 1795
1.711472e-01 8.219545e-01 1 2500 1796
5.593404e-01 6.359833e-01 1 2500 1797
6.341220e-01 9.149008e-01 2 2500 1797
4.299363e-01 4.248076e-01 1 2500 1798
5.259510e-01 9.541092e-02 1 2500 1799
4.356212e-01 6.025432e-01 1 2500 1800
8.059473e-01 7.846103e-01 2 2500 1800
6.970709e-01 6.051993e-01 1 2500 1801
4.962569e-01 5.700381e-01 1 2500 1802
7.445739e-01 9.367937e-01 2 2500 1802
7.413658e-01 6.471399e-01 1 2500 1803
7.265832e-01 8.336626e-01 2 2500 1803
7.708416e-01 6.714217e-01 2 2500 1803
3.929173e-01 9.024193e-01 1 2500 1804
9.358160e-01 5.225490e-01 2 2500 1804
7.220278e-01 1.543705e-01 1 2500 1805
7.274315e-01 6.947869e-01 2 2500 1805
2.624199e-01 3.643509e-01 1 2500 1806
9.389501e-01 2.679380e-01 1 2500 1807
2.316620e-01 1.022179e-01 1 2500 1808
7.628251e-01 2.853522e-01 1 2500 1809
7.271107e-01 5.322616e-01 1 2500 1810
4.428706e-01 3.094456e-01 1 2500 1811
5.584368e-01 7.230557e-01 1 2500 1812
5.483852e-02 1.230587e-02 1 2500 1813
2.064794e-01 4.276837e-02 1 2500 1814
8.310988e-01 7.149290e-03 1 2500 1815
1.165800e-01 5.786473e-01 1 2500 1816
1.883407e-01 1.425942e-01 1 2500 1817
4.006351e-01 3.994986e-02 1 2500 1818
4.873338e-01 6.602305e-01 1 2500 1819
9.456556e-01 3.008721e-01 1 2500 1820
4.415924e-01 9.306541e-01 2 2500 1820
9.700811e-01 3.647078e-01 2 2500 1820
3.655841e-01 2.768687e-01 1 2500 1821
4.190364e-01 5.813077e-01 1 2500 1822
3.793859e-01 1.954915e-01 1 2500 1823
3.942125e-01 3.885387e-03 1 2500 1824
7.562217e-02 4.318105e-01 1 2500 1825
6.681640e-01 6.486303e-01 1 2500 1826
2.111397e-01 4.626935e-01 1 2500 1827
2.467719e-01 7.368242e-02 1 2500 1828
1.020579e-01 5.206906e-01 1 2500 1829
2.279358e-01 2.367034e-01 1 2500 1830
9.231684e-01 9.634903e-01 2 2500 1830
1.913698e-01 9.034146e-01 1 2500 1831
9.869979e-01 6.968172e-02 1 2500 1832
2.277553e-01 4.481614e-01 1 2500 1833
9.981481e-02 2.161955e-01 1 2500 1834
6.139669e-01 2.398805e-01 1 2500 1835
7.927830e-01 2.934506e-01 1 2500 1836
6.310572e-01 8.765810e-01 2 2500 1836
7.097136e-01 3.099216e-01 1 2500 1837
2.884922e-01 5.985132e-01 1 2500 1838
4.358827e-01 4.202278e-02 1 2500 1839
3.865455e-01 9.761145e-01 2 2500 1839
7.198677e-01 7.398056e-01 2 2500 1839
3.105342e-01 6.534663e-01 1 2500 1840
2.296303e-01 7.415014e-01 1 2500 1841
6.055903e-01 5.408442e-01 1 2500 1842
9.886638e-01 3.167514e-01 2 2500 1842
8.191714e-01 3.125360e-01 1 2500 1843
8.779367e-01 9.168384e-01 2 2500 1843
4.735169e-01 7.964278e-01 1 2500 1844
8.837349e-01 5.331719e-01 2 2500 1844
5.986169e-01 7.842006e-01 1 2500 1845
9.080170e-01 6.540871e-01 2 2500 1845
4.852315e-01 3.714874e-01 1 2500 1846
2.851782e-01 8.456632e-01 1 2500 1847
1.413497e-01 2.379908e-01 1 2500 1848
1.232785e-01 6.502256e-01 1 2500 1849
8.201061e-01 5.134344e-01 1 2500 1850
6.100857e-01 1.623345e-01 1 2500 1851
7.964881e-01 7.027875e-01 2 2500 1851
7.052985e-01 9.613208e-01 2 2500 1851
7.913282e-01 2.103939e-02 1 2500 1852
2.654907e-01 3.933101e-01 1 2500 1853
5.668491e-01 5.117201e-01 1 2500 1854
4.335419e-01 8.337163e-01 1 2500 1855
2.821223e-01 5.027826e-01 1 2500 1856
3.523015e-01 1.298948e-01 1 2500 1857
1.800338e-02 8.580475e-01 1 2500 1858
2.892346e-01 2.057206e-01 1 2500 1859
3.356645e-01 1.480611e-01 1 2500 1860
7.883346e-01 6.272948e-01 2 2500 1860
3.922438e-01 1.233366e-01 1 2500 1861
1.362119e-02 8.932783e-01 1 2500 1862
1.105038e-01 7.549917e-01 1 2500 1863
6.269784e-01 7.641375e-01 1 2500 1864
5.613287e-02 9.160696e-01 1 2500 1865
6.283210e-01 3.917604e-01 1 2500 1866
3.520894e-01 5.198273e-01 1 2500 1867
6.330898e-01 8.695769e-01 2 2500 1867
5.155333e-01 3.107776e-01 1 2500 1868
1.859935e-01 3.805079e-01 1 2500 1869
9.003866e-01 1.920756e-01 1 2500 1870
7.929246e-01 7.777889e-01 2 2500 1870
5.608798e-01 9.148948e-01 2 2500 1870
7.527138e-01 6.574675e-01 1 2500 1871
8.992044e-01 2.064564e-01 1 2500 1872
1.386599e-01 5.364273e-02 1 2500 1873
8.451626e-02 6.511542e-02 1 2500 1874
5.386111e-01 9.312115e-01 2 2500 1874
6.096763e-01 3.487648e-01 1 2500 1875
4.130812e-02 3.448703e-01 1 2500 1876
7.693228e-01 9.127770e-01 2 2500 1876
5.886748e-03 7.571391e-01 1 2500 1877
6.441103e-01 8.479387e-02 1 2500 1878
2.288646e-01 6.775014e-01 1 2500 1879
7.720265e-01 1.233464e-03 1 2500 1880
8.013265e-01 6.222519e-01 2 2500 1880
7.609676e-01 3.481483e-01 1 2500 1881
1.895689e-01 5.598791e-01 1 2500 1882
5.802084e-01 1.192546e-01 1 2500 1883
5.727529e-01 2.894297e-01 1 2500 1884
5.923222e-01 3.860724e-01 1 2500 1885
1.775280e-01 7.128664e-01 1 2500 1886
1.832975e-01 7.131427e-02 1 2500 1887
7.605035e-01 2.199170e-01 1 2500 1888
3.037120e-01 6.620178e-01 1 2500 1889
2.488654e-01 5.592607e-01 1 2500 1890
5.634406e-01 8.400994e-01 2 2500 1890
5.458475e-01 3.497195e-01 1 2500 1891
5.334839e-01 9.603028e-02 1 2500 1892
7.382501e-01 5.158763e-02 1 2500 1893
1.433836e-01 8.686999e-01 1 2500 1894
7.680438e-01 3.993996e-01 1 2500 1895
1.102671e-01 5.176925e-01 1 2500 1896
9.171179e-01 3.967219e-01 1 2500 1897
3.517678e-01 1.117828e-01 1 2500 1898
1.023230e-01 5.291237e-01 1 2500 1899
1.299457e-01 9.339998e-01 1 2500 1900
9.561713e-01 4.775519e-01 2 2500 1900
9.730658e-01 6.761801e-01 2 2500 1900
8.768259e-01 9.721750e-01 2 2500 1900
1.137019e-02 5.692265e-01 1 2500 1901
9.434923e-01 7.590590e-01 2 2500 1901
4.235669e-01 3.608482e-01 1 2500 1902
1.847106e-01 2.904119e-01 1 2500 1903
7.432212e-01 1.851511e-01 1 2500 1904
6.567345e-01 1.959527e-01 1 2500 1905
1.853099e-01 7.014806e-01 1 2500 1906
7.201130e-01 3.776498e-01 1 2500 1907
8.531178e-01 6.484409e-01 2 2500 1907
7.601178e-02 2.181173e-01 1 2500 1908
2.894007e-01 3.313739e-01 1 2500 1909
5.419173e-01 6.435211e-01 1 2500 1910
4.843961e-01 2.455776e-01 1 2500 1911
1.170949e-01 8.954521e-01 1 2500 1912
7.682760e-01 7.740569e-02 1 2500 1913
9.023021e-01 9.499446e-01 2 2500 1913
8.660252e-01 1.645538e-01 1 2500 1914
2.506856e-01 2.243272e-01 1 2500 1915
3.487424e-02 2.238182e-01 1 2500 1916
2.270171e-01 3.088224e-01 1 2500 1917
9.382644e-01 7.863452e-01 2 2500 1917
4.900306e-01 5.785662e-02 1 2500 1918
8.018673e-01 2.560390e-01 1 2500 1919
8.878390e-01 1.993885e-01 1 2500 1920
8.987786e-01 8.336820e-01 2 2500 1920
6.966313e-01 5.802178e-02 1 2500 1921
4.193911e-01 8.132842e-01 1 2500 1922
7.045003e-01 2.182260e-01 1 2500 1923
1.088777e-02 8.062071e-01 1 2500 1924
4.455026e-01 4.246752e-01 1 2500 1925
3.629383e-01 8.553081e-01 1 2500 1926
7.973326e-01 4.292956e-01 1 2500 1927
6.906942e-01 6.564886e-01 1 2500 1928
8.218880e-01 3.313285e-01 1 2500 1929
7.616933e-02 2.751349e-01 1 2500 1930
7.840702e-01 9.262948e-01 2 2500 1930
5.454327e-01 5.942569e-02 1 2500 1931
4.143860e-01 7.963446e-01 1 2500 1932
5.892700e-01 7.685932e-01 1 2500 1933
1.734103e-01 2.193037e-01 1 2500 1934
5.248806e-01 7.160427e-01 1 2500 1935
1.765548e-01 3.404310e-01 1 2500 1936
2.296156e-01 4.919016e-01 1 2500 1937
6.746865e-01 3.568072e-01 1 2500 1938
3.993497e-01 8.300208e-01 1 2500 1939
4.655492e-01 7.224383e-02 1 2500 1940
1.550272e-01 1.354049e-01 1 2500 1941
6.797601e-01 1.476041e-01 1 2500 1942
8.079457e-01 6.501960e-01 2 2500 1942
9.811317e-02 4.019277e-02 1 2500 1943
5.405851e-02 8.584572e-01 1 2500 1944
2.569249e-01 2.978990e-01 1 2500 1945
5.106415e-01 7.533241e-01 1 2500 1946
1.595960e-01 8.552266e-01 1 2500 1947
7.909133e-01 8.562192e-01 2 2500 1947
2.053967e-01 2.180736e-01 1 2500 1948
9.474877e-01 4.580394e-01 2 2500 1948
7.673168e-01 3.126836e-01 1 2500 1949
7.898334e-01 7.402702e-02 1 2500 1950
9.300000e-01 6.332849e-01 2 2500 1950
9.196297e-01 1.016032e-01 1 2500 1951
7.152338e-01 2.398226e-01 1 2500 1952
3.283944e-01 7.790562e-01 1 2500 1953
4.651478e-01 4.841415e-01 1 2500 1954
3.855367e-01 3.639125e-01 1 2500 1955
