0 999999 1 0
1 999998 2 0
2 999998 2 0
3 999996 3 1
4 999994 5 1
5 999989 8 3
6 999988 9 3
7 999986 10 4
8 999986 8 6
9 999982 11 7
10 999980 10 10
11 999977 9 14
12 999974 11 15
13 999972 10 18
14 999968 12 20
15 999962 14 24
16 999955 19 26
17 999950 22 28
18 999939 32 29
19 999932 35 33
20 999918 44 38
21 999908 48 44
22 999894 52 54
23 999884 54 62
24 999875 56 69
25 999866 56 78
26 999852 63 85
27 999838 71 91
28 999827 73 100
29 999807 82 111
30 999790 88 122
31 999779 85 136
32 999769 79 152
33 999751 85 164
34 999733 91 176
35 999721 88 191
36 999703 94 203
37 999685 93 222
38 999670 92 238
39 999658 93 249
40 999646 96 258
41 999629 98 273
42 999607 109 284
43 999591 106 303
44 999577 107 316
45 999565 102 333
46 999549 105 346
47 999531 106 363
48 999513 108 379
49 999497 108 395
50 999469 122 409
51 999443 134 423
52 999417 146 437
53 999384 159 457
54 999338 177 485
55 999306 190 504
56 999275 189 536
57 999242 201 557
58 999212 203 585
59 999178 209 613
60 999145 214 641
61 999109 217 674
62 999072 223 705
63 999032 228 740
64 998985 238 777
65 998945 236 819
66 998906 239 855
67 998862 239 899
68 998826 238 936
69 998787 244 969
70 998742 258 1000
71 998700 249 1051
72 998652 259 1089
73 998606 249 1145
74 998559 253 1188
75 998518 262 1220
76 998477 262 1261
77 998441 260 1299
78 998408 256 1336
79 998369 251 1380
80 998318 263 1419
81 998259 279 1462
82 998204 295 1501
83 998163 296 1541
84 998125 296 1579
85 998071 303 1626
86 998026 296 1678
87 997985 284 1731
88 997942 280 1778
89 997905 268 1827
90 997854 290 1856
91 997827 272 1901
92 997780 272 1948
93 997726 287 1987
94 997678 296 2026
95 997633 294 2073
96 997569 317 2114
97 997524 322 2154
98 997454 344 2202
99 997406 344 2250
100 997344 359 2297
101 997291 359 2350
102 997240 346 2414
103 997193 331 2476
104 997131 337 2532
105 997067 359 2574
106 997009 356 2635
107 996952 365 2683
108 996877 375 2748
109 996812 387 2801
110 996755 395 2850
111 996684 400 2916
112 996621 413 2966
113 996558 416 3026
114 996489 426 3085
115 996418 435 3147
116 996351 431 3218
117 996289 418 3293
118 996224 430 3346
119 996162 418 3420
120 996102 420 3478
121 996021 439 3540
122 995954 420 3626
123 995881 421 3698
124 995814 437 3749
125 995751 434 3815
126 995679 434 3887
127 995606 450 3944
128 995533 461 4006
129 995443 490 4067
130 995369 491 4140
131 995286 489 4225
132 995202 500 4298
133 995107 508 4385
134 995028 510 4462
135 994944 532 4524
136 994853 537 4610
137 994761 544 4695
138 994670 584 4746
139 994567 593 4840
140 994479 587 4934
141 994402 576 5022
142 994322 557 5121
143 994236 565 5199
144 994156 575 5269
145 994063 583 5354
146 993969 600 5431
147 993855 638 5507
148 993759 633 5608
149 993657 648 5695
150 993556 656 5788
151 993448 675 5877
152 993343 664 5993
153 993252 673 6075
154 993140 681 6179
155 993041 679 6280
156 992943 678 6379
157 992858 664 6478
158 992759 660 6581
159 992673 665 6662
160 992587 648 6765
161 992498 643 6859
162 992384 674 6942
163 992277 675 7048
164 992184 655 7161
165 992080 655 7265
166 991967 656 7377
167 991873 642 7485
168 991767 655 7578
169 991674 662 7664
170 991571 674 7755
171 991468 673 7859
172 991363 670 7967
173 991284 652 8064
174 991207 639 8154
175 991103 654 8243
176 991011 657 8332
177 990932 628 8440
178 990851 618 8531
179 990749 616 8635
180 990650 626 8724
181 990558 628 8814
182 990463 633 8904
183 990373 635 8992
184 990283 631 9086
185 990178 624 9198
186 990092 607 9301
187 989995 620 9385
188 989923 599 9478
189 989815 613 9572
190 989715 623 9662
191 989607 627 9766
192 989499 632 9869
193 989402 623 9975
194 989307 624 10069
195 989203 641 10156
196 989104 630 10266
197 989016 622 10362
198 988902 636 10462
199 988804 638 10558
200 988699 651 10650
201 988608 644 10748
202 988506 667 10827
203 988426 654 10920
204 988330 661 11009
205 988203 701 11096
206 988111 679 11210
207 987996 683 11321
208 987876 700 11424
209 987750 705 11545
210 987651 712 11637
211 987522 732 11746
212 987409 731 11860
213 987288 743 11969
214 987170 750 12080
215 987040 758 12202
216 986928 765 12307
217 986820 760 12420
218 986700 776 12524
219 986588 772 12640
220 986481 746 12773
221 986364 743 12893
222 986261 723 13016
223 986155 703 13142
224 986049 709 13242
225 985969 667 13364
226 985867 659 13474
227 985749 670 13581
228 985647 684 13669
229 985526 687 13787
230 985397 696 13907
231 985283 705 14012
232 985170 709 14121
233 985060 711 14229
234 984936 739 14325
235 984800 773 14427
236 984666 782 14552
237 984531 803 14666
238 984403 806 14791
239 984283 829 14888
240 984168 823 15009
241 984037 825 15138
242 983910 831 15259
243 983785 831 15384
244 983661 821 15518
245 983536 825 15639
246 983408 838 15754
247 983297 826 15877
248 983178 816 16006
249 983062 821 16117
250 982971 795 16234
251 982855 792 16353
252 982751 779 16470
253 982636 771 16593
254 982535 743 16722
255 982419 752 16829
256 982316 742 16942
257 982205 743 17052
258 982082 750 17168
259 981921 788 17291
260 981786 798 17416
261 981645 809 17546
262 981509 831 17660
263 981343 876 17781
264 981205 866 17929
265 981052 904 18044
266 980923 883 18194
267 980747 932 18321
268 980584 964 18452
269 980436 952 18612
270 980276 972 18752
271 980123 970 18907
272 979965 988 19047
273 979809 989 19202
274 979664 998 19338
275 979508 1012 19480
276 979367 998 19635
277 979199 1029 19772
278 979062 1001 19937
279 978911 1014 20075
280 978754 1012 20234
281 978588 1040 20372
282 978446 1027 20527
283 978278 1023 20699
284 978128 1009 20863
285 977974 1024 21002
286 977782 1056 21162
287 977613 1083 21304
288 977425 1113 21462
289 977246 1129 21625
290 977051 1168 21781
291 976879 1158 21963
292 976698 1169 22133
293 976511 1166 22323
294 976341 1149 22510
295 976170 1150 22680
296 975981 1155 22864
297 975793 1175 23032
298 975632 1163 23205
299 975485 1120 23395
300 975332 1116 23552
301 975203 1075 23722
302 975021 1093 23886
303 974844 1102 24054
304 974685 1105 24210
305 974520 1085 24395
306 974353 1096 24551
307 974200 1083 24717
308 974046 1061 24893
309 973896 1053 25051
310 973724 1054 25222
311 973571 1036 25393
312 973411 1049 25540
313 973252 1031 25717
314 973090 1043 25867
315 972947 1023 26030
316 972794 1002 26204
317 972629 1031 26340
318 972465 1040 26495
319 972297 1063 26640
320 972107 1083 26810
321 971946 1071 26983
322 971751 1087 27162
323 971619 1046 27335
324 971453 1040 27507
325 971299 1040 27661
326 971143 1034 27823
327 970984 1033 27983
328 970830 1034 28136
329 970654 1078 28268
330 970481 1087 28432
331 970348 1065 28587
332 970199 1060 28741
333 970023 1067 28910
334 969858 1068 29074
335 969691 1069 29240
336 969520 1080 29400
337 969332 1100 29568
338 969153 1126 29721
339 968987 1128 29885
340 968835 1101 30064
341 968664 1120 30216
342 968490 1132 30378
343 968311 1152 30537
344 968144 1165 30691
345 967999 1110 30891
346 967775 1175 31050
347 967606 1173 31221
348 967417 1175 31408
349 967210 1219 31571
350 967029 1203 31768
351 966861 1193 31946
352 966674 1194 32132
353 966514 1190 32296
354 966309 1219 32472
355 966111 1256 32633
356 965914 1275 32811
357 965732 1257 33011
358 965508 1290 33202
359 965288 1316 33396
360 965090 1333 33577
361 964889 1352 33759
362 964670 1363 33967
363 964475 1327 34198
364 964279 1346 34375
365 964059 1376 34565
366 963860 1385 34755
367 963637 1395 34968
368 963418 1414 35168
369 963226 1394 35380
370 963026 1376 35598
371 962805 1364 35831
372 962581 1397 36022
373 962378 1395 36227
374 962185 1390 36425
375 961974 1379 36647
376 961769 1362 36869
377 961549 1367 37084
378 961332 1388 37280
379 961091 1394 37515
380 960861 1412 37727
381 960655 1397 37948
382 960422 1410 38168
383 960188 1430 38382
384 959965 1430 38605
385 959738 1448 38814
386 959518 1454 39028
387 959307 1478 39215
388 959073 1501 39426
389 958818 1536 39646
390 958579 1536 39885
391 958349 1535 40116
392 958131 1500 40369
393 957907 1514 40579
394 957685 1504 40811
395 957453 1518 41029
396 957230 1509 41261
397 957026 1496 41478
398 956806 1480 41714
399 956582 1473 41945
400 956359 1494 42147
401 956141 1503 42356
402 955919 1497 42584
403 955693 1493 42814
404 955447 1538 43015
405 955201 1542 43257
406 954973 1526 43501
407 954757 1528 43715
408 954530 1532 43938
409 954291 1536 44173
410 954061 1523 44416
411 953857 1514 44629
412 953631 1491 44878
413 953447 1456 45097
414 953234 1452 45314
415 953006 1478 45516
416 952769 1475 45756
417 952531 1507 45962
418 952283 1555 46162
419 952054 1583 46363
420 951780 1641 46579
421 951529 1649 46822
422 951282 1658 47060
423 951013 1682 47305
424 950778 1667 47555
425 950522 1681 47797
426 950278 1694 48028
427 949997 1735 48268
428 949698 1791 48511
429 949419 1797 48784
430 949111 1830 49059
431 948855 1820 49325
432 948560 1876 49564
433 948260 1897 49843
434 947995 1892 50113
435 947704 1924 50372
436 947419 1895 50686
437 947154 1874 50972
438 946843 1914 51243
439 946545 1925 51530
440 946272 1927 51801
441 946016 1855 52129
442 945741 1850 52409
443 945478 1862 52660
444 945208 1845 52947
445 944924 1840 53236
446 944646 1839 53515
447 944375 1842 53783
448 944102 1817 54081
449 943862 1766 54372
450 943608 1756 54636
451 943346 1702 54952
452 943106 1682 55212
453 942843 1710 55447
454 942597 1678 55725
455 942338 1663 55999
456 942108 1676 56216
457 941843 1687 56470
458 941557 1713 56730
459 941299 1687 57014
460 941047 1701 57252
461 940783 1693 57524
462 940530 1695 57775
463 940274 1667 58059
464 940018 1656 58326
465 939751 1686 58563
466 939480 1737 58783
467 939202 1735 59063
468 938950 1723 59327
469 938714 1715 59571
470 938463 1730 59807
471 938211 1722 60067
472 937892 1780 60328
473 937641 1753 60606
474 937394 1734 60872
475 937136 1732 61132
476 936897 1693 61410
477 936633 1702 61665
478 936371 1687 61942
479 936112 1697 62191
480 935858 1705 62437
481 935602 1701 62697
482 935369 1708 62923
483 935102 1758 63140
484 934831 1762 63407
485 934557 1772 63671
486 934285 1784 63931
487 934004 1819 64177
488 933720 1829 64451
489 933470 1814 64716
490 933187 1811 65002
491 932898 1816 65286
492 932657 1809 65534
493 932380 1820 65800
494 932094 1846 66060
495 931844 1804 66352
496 931605 1766 66629
497 931361 1741 66898
498 931078 1767 67155
499 930811 1765 67424
500 930534 1775 67691
501 930226 1844 67930
502 929925 1867 68208
503 929634 1869 68497
504 929341 1886 68773
505 929053 1857 69090
506 928774 1842 69384
507 928479 1841 69680
508 928229 1810 69961
509 927963 1819 70218
510 927699 1806 70495
511 927394 1840 70766
512 927098 1840 71062
513 926820 1857 71323
514 926531 1849 71620
515 926254 1836 71910
516 925976 1849 72175
517 925691 1870 72439
518 925413 1878 72709
519 925126 1884 72990
520 924865 1866 73269
521 924588 1871 73541
522 924327 1872 73801
523 924058 1852 74090
524 923779 1851 74370
525 923518 1841 74641
526 923254 1803 74943
527 923005 1789 75206
528 922737 1800 75463
529 922458 1805 75737
530 922184 1812 76004
531 921947 1783 76270
532 921692 1770 76538
533 921428 1777 76795
534 921173 1773 77054
535 920882 1763 77355
536 920611 1777 77612
537 920338 1788 77874
538 920105 1731 78164
539 919827 1740 78433
540 919558 1759 78683
541 919285 1750 78965
542 919036 1716 79248
543 918773 1711 79516
544 918549 1691 79760
545 918340 1657 80003
546 918110 1629 80261
547 917840 1660 80500
548 917560 1706 80734
549 917277 1720 81003
550 916996 1755 81249
551 916703 1783 81514
552 916433 1817 81750
553 916150 1821 82029
554 915875 1809 82316
555 915639 1774 82587
556 915325 1828 82847
557 915015 1871 83114
558 914695 1912 83393
559 914406 1905 83689
560 914105 1931 83964
561 913761 1990 84249
562 913448 2001 84551
563 913113 2062 84825
564 912786 2097 85117
565 912422 2174 85404
566 912077 2227 85696
567 911710 2269 86021
568 911341 2279 86380
569 910988 2282 86730
570 910577 2356 87067
571 910225 2352 87423
572 909851 2343 87806
573 909502 2358 88140
574 909137 2330 88533
575 908770 2331 88899
576 908391 2352 89257
577 908036 2389 89575
578 907686 2390 89924
579 907334 2375 90291
580 906957 2426 90617
581 906597 2418 90985
582 906233 2437 91330
583 905863 2444 91693
584 905496 2417 92087
585 905154 2371 92475
586 904793 2375 92832
587 904451 2377 93172
588 904094 2359 93547
589 903742 2348 93910
590 903404 2330 94266
591 903062 2288 94650
592 902716 2296 94988
593 902374 2306 95320
594 901975 2352 95673
595 901590 2396 96014
596 901227 2392 96381
597 900882 2377 96741
598 900538 2368 97094
599 900167 2385 97448
600 899839 2339 97822
601 899503 2311 98186
602 899154 2310 98536
603 898829 2263 98908
604 898486 2241 99273
605 898114 2279 99607
606 897800 2206 99994
607 897481 2186 100333
608 897129 2197 100674
609 896814 2160 101026
610 896517 2153 101330
611 896212 2137 101651
612 895867 2176 101957
613 895535 2171 102294
614 895245 2129 102626
615 894921 2120 102959
616 894633 2089 103278
617 894340 2061 103599
618 894047 2038 103915
619 893732 2049 104219
620 893386 2080 104534
621 893066 2088 104846
622 892754 2077 105169
623 892431 2072 105497
624 892101 2092 105807
625 891762 2127 106111
626 891430 2116 106454
627 891076 2141 106783
628 890732 2169 107099
629 890368 2208 107424
630 889978 2271 107751
631 889630 2285 108085
632 889272 2280 108448
633 888934 2256 108810
634 888578 2269 109153
635 888210 2271 109519
636 887850 2314 109836
637 887511 2307 110182
638 887201 2307 110492
639 886833 2340 110827
640 886499 2318 111183
641 886114 2354 111532
642 885738 2372 111890
643 885357 2381 112262
644 884987 2391 112622
645 884638 2377 112985
646 884261 2384 113355
647 883880 2400 113720
648 883543 2391 114066
649 883130 2464 114406
650 882771 2461 114768
651 882359 2511 115130
652 881990 2524 115486
653 881586 2545 115869
654 881222 2509 116269
655 880844 2519 116637
656 880469 2508 117023
657 880070 2520 117410
658 879654 2568 117778
659 879233 2619 118148
660 878866 2597 118537
661 878481 2595 118924
662 878066 2613 119321
663 877681 2604 119715
664 877274 2598 120128
665 876868 2599 120533
666 876467 2589 120944
667 876067 2628 121305
668 875685 2579 121736
669 875294 2604 122102
670 874873 2613 122514
671 874485 2580 122935
672 874039 2664 123297
673 873641 2666 123693
674 873244 2629 124127
675 872867 2631 124502
676 872483 2607 124910
677 872063 2662 125275
678 871628 2709 125663
679 871212 2710 126078
680 870826 2663 126511
681 870411 2678 126911
682 869982 2689 127329
683 869514 2756 127730
684 869070 2785 128145
685 868673 2793 128534
686 868238 2802 128960
687 867827 2815 129358
688 867441 2772 129787
689 867029 2770 130201
690 866590 2819 130591
691 866175 2789 131036
692 865708 2812 131480
693 865318 2790 131892
694 864909 2745 132346
695 864463 2790 132747
696 864012 2807 133181
697 863575 2807 133618
698 863112 2819 134069
699 862679 2794 134527
700 862267 2790 134943
701 861838 2827 135335
702 861376 2878 135746
703 860924 2888 136188
704 860489 2888 136623
705 860093 2865 137042
706 859622 2892 137486
707 859152 2930 137918
708 858676 2966 138358
709 858208 2978 138814
710 857764 2956 139280
711 857334 2942 139724
712 856848 2958 140194
713 856423 2962 140615
714 856000 2958 141042
715 855560 2991 141449
716 855075 3031 141894
717 854620 3060 142320
718 854196 3052 142752
719 853693 3150 143157
720 853231 3137 143632
721 852744 3140 144116
722 852327 3076 144597
723 851867 3074 145059
724 851448 3039 145513
725 851028 2990 145982
726 850621 2918 146461
727 850223 2880 146897
728 849833 2828 147339
729 849414 2836 147750
730 848985 2875 148140
731 848597 2849 148554
732 848155 2866 148979
733 847732 2864 149404
734 847275 2867 149858
735 846864 2837 150299
736 846461 2817 150722
737 846061 2790 151149
738 845661 2772 151567
739 845286 2723 151991
740 844929 2665 152406
741 844551 2624 152825
742 844146 2596 153258
743 843732 2627 153641
744 843352 2603 154045
745 842967 2579 154454
746 842602 2548 154850
747 842208 2543 155249
748 841788 2557 155655
749 841377 2578 156045
750 840936 2622 156442
751 840509 2642 156849
752 840082 2656 157262
753 839675 2669 157656
754 839265 2673 158062
755 838864 2691 158445
756 838438 2716 158846
757 838028 2690 159282
758 837609 2704 159687
759 837178 2715 160107
760 836762 2734 160504
761 836323 2757 160920
762 835872 2785 161343
763 835450 2791 161759
764 834970 2839 162191
765 834498 2857 162645
766 834036 2833 163131
767 833588 2849 163563
768 833086 2894 164020
769 832588 2966 164446
770 832084 3013 164903
771 831634 3035 165331
772 831129 3063 165808
773 830652 3069 166279
774 830128 3135 166737
775 829636 3146 167218
776 829165 3125 167710
777 828692 3135 168173
778 828217 3132 168651
779 827699 3175 169126
780 827245 3190 169565
781 826768 3217 170015
782 826320 3180 170500
783 825868 3149 170983
784 825427 3137 171436
785 825000 3092 171908
786 824534 3094 172372
787 824069 3104 172827
788 823638 3052 173310
789 823234 2991 173775
790 822794 2956 174250
791 822349 2952 174699
792 821879 3011 175110
793 821405 3049 175546
794 820946 3041 176013
795 820458 3087 176455
796 820009 3056 176935
797 819557 3065 177378
798 819108 3028 177864
799 818601 3060 178339
800 818115 3103 178782
801 817641 3097 179262
802 817165 3096 179739
803 816669 3167 180164
804 816180 3164 180656
805 815705 3144 181151
806 815251 3123 181626
807 814824 3083 182093
808 814371 3067 182562
809 813944 3024 183032
810 813484 3051 183465
811 813023 3071 183906
812 812592 3053 184355
813 812155 2994 184851
814 811621 3111 185268
815 811129 3136 185735
816 810605 3178 186217
817 810092 3169 186739
818 809625 3109 187266
819 809166 3070 187764
820 808694 3104 188202
821 808231 3089 188680
822 807759 3098 189143
823 807283 3133 189584
824 806788 3165 190047
825 806323 3153 190524
826 805824 3180 190996
827 805352 3208 191440
828 804880 3212 191908
829 804383 3221 192396
830 803877 3234 192889
831 803377 3270 193353
832 802892 3238 193870
833 802405 3228 194367
834 801930 3199 194871
835 801398 3226 195376
836 800890 3259 195851
837 800371 3318 196311
838 799805 3371 196824
839 799286 3375 197339
840 798752 3411 197837
841 798252 3401 198347
842 797720 3434 198846
843 797183 3462 199355
844 796659 3428 199913
845 796096 3465 200439
846 795534 3481 200985
847 794988 3459 201553
848 794488 3430 202082
849 793946 3403 202651
850 793424 3433 203143
851 792954 3363 203683
852 792417 3424 204159
853 791929 3382 204689
854 791420 3354 205226
855 790909 3386 205705
856 790422 3375 206203
857 789930 3355 206715
858 789506 3302 207192
859 789032 3283 207685
860 788536 3297 208167
861 788071 3287 208642
862 787551 3311 209138
863 787073 3300 209627
864 786585 3308 210107
865 786091 3357 210552
866 785615 3301 211084
867 785118 3271 211611
868 784655 3211 212134
869 784173 3240 212587
870 783658 3271 213071
871 783188 3259 213553
872 782659 3268 214073
873 782173 3252 214575
874 781696 3225 215079
875 781195 3262 215543
876 780698 3263 216039
877 780183 3299 216518
878 779673 3328 216999
879 779150 3365 217485
880 778637 3392 217971
881 778116 3409 218475
882 777622 3421 218957
883 777142 3367 219491
884 776642 3401 219957
885 776147 3380 220473
886 775638 3385 220977
887 775083 3432 221485
888 774598 3407 221995
889 774089 3397 222514
890 773531 3519 222950
891 772983 3522 223495
892 772384 3620 223996
893 771793 3633 224574
894 771197 3693 225110
895 770554 3788 225658
896 769973 3829 226198
897 769396 3847 226757
898 768780 3886 227334
899 768179 3915 227906
900 767566 3925 228509
901 766970 3924 229106
902 766417 3955 229628
903 765852 3938 230210
904 765266 3948 230786
905 764679 3937 231384
906 764169 3878 231953
907 763634 3788 232578
908 763121 3738 233141
909 762574 3728 233698
910 761981 3758 234261
911 761422 3710 234868
912 760851 3719 235430
913 760307 3709 235984
914 759762 3736 236502
915 759224 3737 237039
916 758646 3739 237615
917 758075 3734 238191
918 757499 3759 238742
919 756915 3749 239336
920 756360 3693 239947
921 755811 3704 240485
922 755246 3728 241026
923 754691 3720 241589
924 754122 3696 242182
925 753526 3725 242749
926 752911 3746 243343
927 752351 3736 243913
928 751733 3819 244448
929 751165 3791 245044
930 750586 3808 245606
931 750020 3804 246176
932 749415 3826 246759
933 748860 3781 247359
934 748249 3834 247917
935 747611 3863 248526
936 747053 3872 249075
937 746438 3909 249653
938 745857 3862 250281
939 745317 3852 250831
940 744734 3823 251443
941 744176 3794 252030
942 743620 3762 252618
943 743037 3760 253203
944 742486 3797 253717
945 741901 3830 254269
946 741332 3835 254833
947 740715 3893 255392
948 740118 3909 255973
949 739531 3938 256531
950 738960 3956 257084
951 738412 3917 257671
952 737833 3899 258268
953 737291 3862 258847
954 736723 3870 259407
955 736130 3856 260014
956 735582 3819 260599
957 734973 3858 261169
958 734373 3871 261756
959 733785 3860 262355
960 733228 3866 262906
961 732623 3860 263517
962 731994 3898 264108
963 731380 3923 264697
964 730816 3903 265281
965 730219 3910 265871
966 729632 3907 266461
967 729034 3905 267061
968 728458 3893 267649
969 727903 3872 268225
970 727369 3831 268800
971 726786 3853 269361
972 726182 3892 269926
973 725602 3904 270494
974 725074 3827 271099
975 724508 3815 271677
976 723952 3772 272276
977 723425 3705 272870
978 722850 3753 273397
979 722298 3741 273961
980 721755 3755 274490
981 721248 3696 275056
982 720714 3666 275620
983 720241 3565 276194
984 719664 3648 276688
985 719077 3686 277237
986 718503 3696 277801
987 717931 3717 278352
988 717386 3699 278915
989 716819 3692 279489
990 716267 3696 280037
991 715700 3718 280582
992 715158 3719 281123
993 714624 3704 281672
994 714044 3740 282216
995 713455 3783 282762
996 712906 3768 283326
997 712357 3756 283887
998 711789 3733 284478
999 711254 3711 285035
1000 710726 3700 285574
1001 710204 3660 286136
1002 709638 3665 286697
1003 709074 3688 287238
1004 708474 3715 287811
1005 707892 3752 288356
1006 707335 3721 288944
1007 706786 3693 289521
1008 706237 3683 290080
1009 705679 3663 290658
1010 705061 3778 291161
1011 704511 3781 291708
1012 703917 3794 292289
1013 703346 3819 292835
1014 702761 3830 293409
1015 702166 3860 293974
1016 701601 3839 294560
1017 700986 3872 295142
1018 700421 3845 295734
1019 699840 3824 296336
1020 699244 3845 296911
1021 698645 3875 297480
1022 698040 3881 298079
1023 697446 3884 298670
1024 696908 3809 299283
1025 696300 3846 299854
1026 695740 3822 300438
1027 695176 3810 301014
1028 694659 3773 301568
1029 694132 3723 302145
1030 693592 3695 302713
1031 693105 3612 303283
1032 692591 3614 303795
1033 692062 3637 304301
1034 691555 3606 304839
1035 691032 3572 305396
1036 690501 3588 305911
1037 689945 3663 306392
1038 689342 3746 306912
1039 688734 3756 307510
1040 688142 3831 308027
1041 687582 3787 308631
1042 686988 3814 309198
1043 686388 3818 309794
1044 685910 3709 310381
1045 685376 3679 310945
1046 684788 3690 311522
1047 684222 3719 312059
1048 683630 3789 312581
1049 683026 3802 313172
1050 682477 3794 313729
1051 681870 3853 314277
1052 681338 3817 314845
1053 680754 3839 315407
1054 680141 3871 315988
1055 679534 3890 316576
1056 678970 3867 317163
1057 678425 3828 317747
1058 677856 3857 318287
1059 677262 3893 318845
1060 676678 3879 319443
1061 676097 3901 320002
1062 675493 3929 320578
1063 674891 3914 321195
1064 674308 3896 321796
1065 673746 3859 322395
1066 673159 3875 322966
1067 672558 3871 323571
1068 671974 3869 324157
1069 671415 3815 324770
1070 670830 3788 325382
1071 670297 3760 325943
1072 669791 3704 326505
1073 669309 3622 327069
1074 668770 3617 327613
1075 668218 3603 328179
1076 667651 3631 328718
1077 667080 3659 329261
1078 666509 3707 329784
1079 665951 3716 330333
1080 665345 3753 330902
1081 664764 3775 331461
1082 664152 3819 332029
1083 663557 3829 332614
1084 663000 3851 333149
1085 662409 3873 333718
1086 661839 3861 334300
1087 661218 3873 334909
1088 660647 3868 335485
1089 660059 3892 336049
1090 659528 3838 336634
1091 658953 3857 337190
1092 658411 3849 337740
1093 657881 3816 338303
1094 657308 3905 338787
1095 656746 3903 339351
1096 656119 3946 339935
1097 655507 3972 340521
1098 654857 4050 341093
1099 654261 4090 341649
1100 653674 4109 342217
1101 653064 4131 342805
1102 652452 4155 343393
1103 651877 4100 344023
1104 651312 4073 344615
1105 650674 4088 345238
1106 650062 4082 345856
1107 649489 4047 346464
1108 648896 4023 347081
1109 648280 4067 347653
1110 647702 4071 348227
1111 647091 4083 348826
1112 646505 4045 349450
1113 645889 4061 350050
1114 645230 4098 350672
1115 644584 4059 351357
1116 643901 4127 351972
1117 643289 4119 352592
1118 642632 4193 353175
1119 642017 4143 353840
1120 641384 4143 354473
1121 640768 4135 355097
1122 640160 4116 355724
1123 639466 4168 356366
1124 638843 4169 356988
1125 638224 4136 357640
1126 637617 4093 358290
1127 637012 4102 358886
1128 636345 4167 359488
1129 635694 4178 360128
1130 635106 4092 360802
1131 634479 4101 361420
1132 633838 4141 362021
1133 633203 4175 362622
1134 632540 4218 363242
1135 631865 4272 363863
1136 631167 4301 364532
1137 630479 4326 365195
1138 629763 4413 365824
1139 629174 4290 366536
1140 628555 4236 367209
1141 627932 4231 367837
1142 627306 4222 368472
1143 626745 4103 369152
1144 626136 4111 369753
1145 625500 4136 370364
1146 624868 4173 370959
1147 624263 4164 371573
1148 623663 4160 372177
1149 623007 4197 372796
1150 622341 4248 373411
1151 621650 4327 374023
1152 620958 4374 374668
1153 620277 4419 375304
1154 619572 4453 375975
1155 618849 4483 376668
1156 618159 4488 377353
1157 617445 4572 377983
1158 616732 4612 378656
1159 616033 4625 379342
1160 615277 4714 380009
1161 614599 4682 380719
1162 613898 4696 381406
1163 613229 4699 382072
1164 612518 4720 382762
1165 611845 4722 383433
1166 611128 4740 384132
1167 610380 4803 384817
1168 609654 4825 385521
1169 608892 4853 386255
1170 608191 4814 386995
1171 607517 4758 387725
1172 606807 4770 388423
1173 606083 4773 389144
1174 605406 4737 389857
1175 604723 4714 390563
1176 604022 4671 391307
1177 603314 4710 391976
1178 602585 4716 392699
1179 601888 4727 393385
1180 601158 4782 394060
1181 600382 4803 394815
1182 599621 4810 395569
1183 598852 4893 396255
1184 598118 4904 396978
1185 597351 4960 397689
1186 596592 4998 398410
1187 595813 5048 399139
1188 595054 5001 399945
1189 594334 5003 400663
1190 593616 5006 401378
1191 592931 4976 402093
1192 592218 4968 402814
1193 591449 5036 403515
1194 590712 5023 404265
1195 589929 5024 405047
1196 589198 5032 405770
1197 588455 4943 406602
1198 587778 4881 407341
1199 587046 4882 408072
1200 586321 4860 408819
1201 585613 4790 409597
1202 584899 4788 410313
1203 584190 4800 411010
1204 583494 4787 411719
1205 582792 4776 412432
1206 582081 4756 413163
1207 581340 4764 413896
1208 580598 4769 414633
1209 579838 4815 415347
1210 579102 4823 416075
1211 578407 4795 416798
1212 577699 4750 417551
1213 577006 4733 418261
1214 576324 4692 418984
1215 575684 4650 419666
1216 574972 4665 420363
1217 574303 4667 421030
1218 573622 4598 421780
1219 572901 4627 422472
1220 572207 4590 423203
1221 571473 4647 423880
1222 570772 4651 424577
1223 570031 4725 425244
1224 569291 4761 425948
1225 568609 4741 426650
1226 567919 4769 427312
1227 567273 4674 428053
1228 566592 4661 428747
1229 565850 4703 429447
1230 565100 4740 430160
1231 564368 4769 430863
1232 563639 4795 431566
1233 562921 4785 432294
1234 562230 4760 433010
1235 561561 4736 433703
1236 560830 4754 434416
1237 560057 4792 435151
1238 559310 4826 435864
1239 558547 4833 436620
1240 557851 4766 437383
1241 557105 4759 438136
1242 556398 4801 438801
1243 555714 4731 439555
1244 555001 4745 440254
1245 554254 4758 440988
1246 553536 4737 441727
1247 552826 4715 442459
1248 552038 4844 443118
1249 551342 4783 443875
1250 550598 4834 444568
1251 549888 4828 445284
1252 549141 4830 446029
1253 548353 4922 446725
1254 547591 4928 447481
1255 546805 5004 448191
1256 546023 5076 448901
1257 545197 5108 449695
1258 544438 5091 450471
1259 543697 5093 451210
1260 542900 5086 452014
1261 542150 5091 452759
1262 541372 5080 453548
1263 540561 5120 454319
1264 539824 5071 455105
1265 539102 5077 455821
1266 538331 5054 456615
1267 537529 5074 457397
1268 536722 5118 458160
1269 535973 5135 458892
1270 535201 5118 459681
1271 534408 5143 460449
1272 533655 5126 461219
1273 532886 5113 462001
1274 532136 5091 462773
1275 531401 5009 463590
1276 530614 5099 464287
1277 529833 5101 465066
1278 529037 5164 465799
1279 528295 5145 466560
1280 527518 5116 467366
1281 526773 5069 468158
1282 525936 5138 468926
1283 525152 5152 469696
1284 524380 5160 470460
1285 523609 5142 471249
1286 522754 5228 472018
1287 521970 5239 472791
1288 521166 5212 473622
1289 520376 5200 474424
1290 519571 5247 475182
1291 518783 5231 475986
1292 517983 5250 476767
1293 517282 5152 477566
1294 516542 5125 478333
1295 515782 5168 479050
1296 514988 5195 479817
1297 514222 5156 480622
1298 513490 5140 481370
1299 512749 5114 482137
1300 511940 5181 482879
1301 511224 5093 483683
1302 510485 5058 484457
1303 509714 5060 485226
1304 508977 5041 485982
1305 508179 5106 486715
1306 507430 5106 487464
1307 506673 5154 488173
1308 505881 5192 488927
1309 505075 5248 489677
1310 504297 5272 490431
1311 503481 5282 491237
1312 502737 5226 492037
1313 501988 5164 492848
1314 501223 5130 493647
1315 500382 5200 494418
1316 499598 5172 495230
1317 498793 5159 496048
1318 497949 5180 496871
1319 497125 5220 497655
1320 496309 5222 498469
1321 495513 5200 499287
1322 494738 5189 500073
1323 493931 5208 500861
1324 493192 5154 501654
1325 492452 5142 502406
1326 491656 5137 503207
1327 490901 5156 503943
1328 490127 5122 504751
1329 489301 5176 505523
1330 488496 5246 506258
1331 487718 5211 507071
1332 486949 5207 507844
1333 486229 5094 508677
1334 485468 5093 509439
1335 484635 5166 510199
1336 483867 5129 511004
1337 483056 5207 511737
1338 482294 5181 512525
1339 481548 5137 513315
1340 480771 5111 514118
1341 480001 5100 514899
1342 479196 5092 515712
1343 478399 5139 516462
1344 477576 5222 517202
1345 476798 5176 518026
1346 476067 5093 518840
1347 475290 5078 519632
1348 474499 5102 520399
1349 473717 5121 521162
1350 472879 5203 521918
1351 472024 5232 522744
1352 471174 5283 523543
1353 470374 5294 524332
1354 469587 5270 525143
1355 468806 5232 525962
1356 468005 5212 526783
1357 467154 5278 527568
1358 466328 5276 528396
1359 465495 5326 529179
1360 464663 5312 530025
1361 463904 5263 530833
1362 463102 5276 531622
1363 462254 5325 532421
1364 461438 5344 533218
1365 460562 5384 534054
1366 459742 5404 534854
1367 458920 5465 535615
1368 458093 5523 536384
1369 457258 5516 537226
1370 456476 5423 538101
1371 455686 5430 538884
1372 454898 5389 539713
1373 454092 5411 540497
1374 453304 5437 541259
1375 452509 5370 542121
1376 451737 5332 542931
1377 450933 5324 543743
1378 450118 5312 544570
1379 449292 5327 545381
1380 448489 5370 546141
1381 447704 5361 546935
1382 446936 5324 547740
1383 446170 5261 548569
1384 445319 5294 549387
1385 444510 5295 550195
1386 443711 5308 550981
1387 442886 5303 551811
1388 442052 5280 552668
1389 441260 5233 553507
1390 440460 5252 554288
1391 439666 5224 555110
1392 438818 5316 555866
1393 437969 5357 556674
1394 437088 5442 557470
1395 436195 5544 558261
1396 435358 5539 559103
1397 434490 5528 559982
1398 433596 5541 560863
1399 432765 5560 561675
1400 431938 5549 562513
1401 431048 5628 563324
1402 430262 5600 564138
1403 429448 5598 564954
1404 428639 5539 565822
1405 427744 5602 566654
1406 426940 5580 567480
1407 426098 5580 568322
1408 425240 5591 569169
1409 424355 5625 570020
1410 423505 5655 570840
1411 422601 5677 571722
1412 421731 5675 572594
1413 420820 5704 573476
1414 419962 5735 574303
1415 419064 5787 575149
1416 418149 5860 575991
1417 417269 5865 576866
1418 416390 5839 577771
1419 415521 5829 578650
1420 414586 5857 579557
1421 413623 5996 580381
1422 412750 5955 581295
1423 411848 5911 582241
1424 411008 5842 583150
1425 410200 5809 583991
1426 409388 5749 584863
1427 408605 5674 585721
1428 407814 5571 586615
1429 406955 5600 587445
1430 406117 5619 588264
1431 405269 5636 589095
1432 404432 5655 589913
1433 403548 5692 590760
1434 402683 5727 591590
1435 401835 5678 592487
1436 400946 5737 593317
1437 400064 5757 594179
1438 399159 5764 595077
1439 398257 5813 595930
1440 397377 5814 596809
1441 396569 5740 597691
1442 395743 5712 598545
1443 394917 5728 599355
1444 394102 5678 600220
1445 393261 5652 601087
1446 392400 5632 601968
1447 391605 5626 602769
1448 390772 5638 603590
1449 389939 5599 604462
1450 389095 5628 605277
1451 388229 5630 606141
1452 387399 5670 606931
1453 386516 5702 607782
1454 385680 5644 608676
1455 384917 5610 609473
1456 384049 5618 610333
1457 383289 5501 611210
1458 382463 5525 612012
1459 381629 5529 612842
1460 380843 5452 613705
1461 380028 5458 614514
1462 379214 5429 615357
1463 378437 5399 616164
1464 377615 5446 616939
1465 376826 5420 617754
1466 376002 5434 618564
1467 375225 5423 619352
1468 374457 5374 620169
1469 373651 5334 621015
1470 372888 5297 621815
1471 372100 5275 622625
1472 371349 5199 623452
1473 370601 5153 624246
1474 369842 5100 625058
1475 369105 5087 625808
1476 368353 5121 626526
1477 367572 5142 627286
1478 366796 5197 628007
1479 366029 5193 628778
1480 365282 5185 629533
1481 364521 5161 630318
1482 363746 5149 631105
1483 362969 5127 631904
1484 362194 5085 632721
1485 361372 5151 633477
1486 360552 5204 634244
1487 359757 5219 635024
1488 358956 5243 635801
1489 358191 5199 636610
1490 357410 5197 637393
1491 356611 5208 638181
1492 355810 5259 638931
1493 355052 5218 639730
1494 354252 5258 640490
1495 353415 5251 641334
1496 352632 5261 642107
1497 351780 5355 642865
1498 350978 5365 643657
1499 350180 5339 644481
1500 349352 5362 645286
1501 348551 5378 646071
1502 347675 5467 646858
1503 346845 5446 647709
1504 346055 5405 648540
1505 345200 5419 649381
1506 344377 5474 650149
1507 343528 5510 650962
1508 342699 5528 651773
1509 341833 5555 652612
1510 340969 5610 653421
1511 340077 5674 654249
1512 339182 5733 655085
1513 338256 5783 655961
1514 337328 5870 656802
1515 336394 5915 657691
1516 335456 5989 658555
1517 334537 6013 659450
1518 333669 5963 660368
1519 332806 5904 661290
1520 331899 5920 662181
1521 331043 5910 663047
1522 330081 5970 663949
1523 329126 6015 664859
1524 328249 6005 665746
1525 327296 6053 666651
1526 326400 6046 667554
1527 325521 6055 668424
1528 324656 6010 669334
1529 323764 6018 670218
1530 322881 5955 671164
1531 322016 5908 672076
1532 321122 5881 672997
1533 320266 5857 673877
1534 319359 5936 674705
1535 318392 6066 675542
1536 317491 6030 676479
1537 316573 6062 677365
1538 315663 6041 678296
1539 314724 6050 679226
1540 313777 6072 680151
1541 312868 6077 681055
1542 311999 5992 682009
1543 311075 6009 682916
1544 310127 6081 683792
1545 309143 6141 684716
1546 308183 6171 685646
1547 307209 6210 686581
1548 306246 6210 687544
1549 305263 6263 688474
1550 304234 6368 689398
1551 303291 6316 690393
1552 302305 6366 691329
1553 301349 6315 692336
1554 300390 6331 693279
1555 299434 6339 694227
1556 298498 6329 695173
1557 297544 6311 696145
1558 296629 6299 697072
1559 295716 6295 697989
1560 294766 6280 698954
1561 293846 6293 699861
1562 292898 6295 700807
1563 291915 6361 701724
1564 290922 6372 702706
1565 289946 6436 703618
1566 288966 6434 704600
1567 287891 6560 705549
1568 286919 6511 706570
1569 285952 6494 707554
1570 284954 6516 708530
1571 283926 6577 709497
1572 282890 6539 710571
1573 281919 6524 711557
1574 280992 6486 712522
1575 280053 6421 713526
1576 279170 6375 714455
1577 278258 6306 715436
1578 277315 6263 716422
1579 276394 6225 717381
1580 275479 6219 718302
1581 274589 6139 719272
1582 273588 6242 720170
1583 272654 6271 721075
1584 271737 6263 722000
1585 270804 6226 722970
1586 269834 6296 723870
1587 268904 6262 724834
1588 267925 6332 725743
1589 266984 6315 726701
1590 266041 6312 727647
1591 265098 6293 728609
1592 264199 6212 729589
1593 263225 6224 730551
1594 262236 6310 731454
1595 261337 6245 732418
1596 260431 6268 733301
1597 259548 6190 734262
1598 258651 6195 735154
1599 257728 6191 736081
1600 256847 6121 737032
1601 255963 6093 737944
1602 255060 6094 738846
1603 254140 6091 739769
1604 253249 6030 740721
1605 252327 6073 741600
1606 251425 6089 742486
1607 250515 6043 743442
1608 249624 6027 744349
1609 248773 6007 745220
1610 247907 5986 746107
1611 247106 5903 746991
1612 246277 5838 747885
1613 245454 5813 748733
1614 244577 5846 749577
1615 243679 5877 750444
1616 242772 5887 751341
1617 241925 5854 752221
1618 241058 5895 753047
1619 240167 5876 753957
1620 239288 5864 754848
1621 238382 5918 755700
1622 237495 5934 756571
1623 236569 5970 757461
1624 235686 5939 758375
1625 234808 5951 759241
1626 233974 5875 760151
1627 233168 5776 761056
1628 232410 5679 761911
1629 231632 5601 762767
1630 230900 5486 763614
1631 230168 5353 764479
1632 229469 5256 765275
1633 228806 5158 766036
1634 228108 5060 766832
1635 227442 4976 767582
1636 226721 4958 768321
1637 226037 4882 769081
1638 225386 4798 769816
1639 224684 4810 770506
1640 223968 4806 771226
1641 223325 4740 771935
1642 222627 4737 772636
1643 221995 4655 773350
1644 221363 4570 774067
1645 220754 4536 774710
1646 220126 4473 775401
1647 219483 4430 776087
1648 218820 4423 776757
1649 218152 4415 777433
1650 217564 4334 778102
1651 216989 4261 778750
1652 216365 4234 779401
1653 215788 4212 780000
1654 215195 4189 780616
1655 214662 4122 781216
1656 214130 4050 781820
1657 213556 4035 782409
1658 212986 4017 782997
1659 212407 4005 783588
1660 211856 3989 784155
1661 211293 4004 784703
1662 210724 3936 785340
1663 210125 3921 785954
1664 209548 3919 786533
1665 208936 3952 787112
1666 208359 3964 787677
1667 207795 3931 788274
1668 207227 3907 788866
1669 206679 3864 789457
1670 206124 3850 790026
1671 205567 3826 790607
1672 205013 3831 791156
1673 204472 3826 791702
1674 203955 3802 792243
1675 203375 3784 792841
1676 202866 3750 793384
1677 202331 3691 793978
1678 201825 3636 794539
1679 201312 3576 795112
1680 200776 3570 795654
1681 200279 3542 796179
1682 199795 3516 796689
1683 199317 3462 797221
1684 198816 3461 797723
1685 198408 3354 798238
1686 197990 3268 798742
1687 197527 3261 799212
1688 197067 3271 799662
1689 196577 3253 800170
1690 196103 3259 800638
1691 195582 3284 801134
1692 195082 3291 801627
1693 194599 3270 802131
1694 194146 3259 802595
1695 193676 3238 803086
1696 193229 3167 803604
1697 192754 3138 804108
1698 192327 3115 804558
1699 191851 3138 805011
1700 191376 3128 805496
1701 190849 3192 805959
1702 190374 3190 806436
1703 189898 3156 806946
1704 189414 3174 807412
1705 188915 3205 807880
1706 188419 3191 808390
1707 187978 3171 808851
1708 187554 3123 809323
1709 187105 3092 809803
1710 186644 3110 810246
1711 186232 3035 810733
1712 185829 3000 811171
1713 185427 2918 811655
1714 185017 2890 812093
1715 184556 2914 812530
1716 184117 2940 812943
1717 183625 2986 813389
1718 183203 2969 813828
1719 182724 2987 814289
1720 182267 2990 814743
1721 181782 2999 815219
1722 181304 2987 815709
1723 180831 3045 816124
1724 180349 3075 816576
1725 179886 3090 817024
1726 179477 3085 817438
1727 179044 3029 817927
1728 178588 3040 818372
1729 178105 3057 818838
1730 177639 3080 819281
1731 177212 3082 819706
1732 176752 3078 820170
1733 176317 3063 820620
1734 175877 3020 821103
1735 175460 2991 821549
1736 175070 2929 822001
1737 174686 2914 822400
1738 174266 2895 822839
1739 173865 2830 823305
1740 173476 2802 823722
1741 173063 2819 824118
1742 172629 2812 824559
1743 172226 2795 824979
1744 171837 2777 825386
1745 171457 2776 825767
1746 171052 2755 826193
1747 170578 2829 826593
1748 170169 2832 826999
1749 169740 2805 827455
1750 169310 2845 827845
1751 168898 2848 828254
1752 168439 2863 828698
1753 167987 2861 829152
1754 167579 2824 829597
1755 167180 2824 829996
1756 166787 2817 830396
1757 166385 2745 830870
1758 165970 2733 831297
1759 165566 2662 831772
1760 165198 2639 832163
1761 164790 2642 832568
1762 164402 2659 832939
1763 164041 2605 833354
1764 163673 2578 833749
1765 163339 2532 834129
1766 163014 2466 834520
1767 162626 2498 834876
1768 162242 2494 835264
1769 161862 2490 835648
1770 161501 2464 836035
1771 161151 2432 836417
1772 160740 2485 836775
1773 160408 2430 837162
1774 160046 2426 837528
1775 159626 2485 837889
1776 159217 2519 838264
1777 158821 2572 838607
1778 158412 2618 838970
1779 157972 2685 839343
1780 157648 2628 839724
1781 157221 2632 840147
1782 156830 2622 840548
1783 156394 2661 840945
1784 155972 2666 841362
1785 155560 2708 841732
1786 155150 2734 842116
1787 154729 2723 842548
1788 154325 2724 842951
1789 153957 2704 843339
1790 153522 2741 843737
1791 153139 2703 844158
1792 152758 2682 844560
1793 152287 2757 844956
1794 151901 2724 845375
1795 151513 2690 845797
1796 151131 2656 846213
1797 150766 2611 846623
1798 150353 2665 846982
1799 149932 2660 847408
1800 149545 2670 847785
1801 149163 2677 848160
1802 148738 2699 848563
1803 148329 2688 848983
1804 147953 2652 849395
1805 147570 2619 849811
1806 147192 2613 850195
1807 146817 2605 850578
1808 146450 2572 850978
1809 146130 2498 851372
1810 145746 2505 851749
1811 145391 2513 852096
1812 145022 2514 852464
1813 144640 2529 852831
1814 144327 2453 853220
1815 143984 2430 853586
1816 143624 2399 853977
1817 143294 2404 854302
1818 142940 2389 854671
1819 142587 2370 855043
1820 142230 2376 855394
1821 141870 2391 855739
1822 141543 2340 856117
1823 141199 2293 856508
1824 140854 2262 856884
1825 140521 2281 857198
1826 140205 2246 857549
1827 139856 2277 857867
1828 139502 2269 858229
1829 139116 2345 858539
1830 138775 2337 858888
1831 138458 2311 859231
1832 138114 2290 859596
1833 137823 2258 859919
1834 137486 2252 860262
1835 137179 2239 860582
1836 136844 2231 860925
1837 136541 2190 861269
1838 136258 2152 861590
1839 135937 2185 861878
1840 135609 2180 862211
1841 135306 2141 862553
1842 135018 2097 862885
1843 134743 2045 863212
1844 134426 2061 863513
1845 134136 2018 863846
1846 133897 1948 864155
1847 133622 1964 864414
1848 133399 1896 864705
1849 133140 1885 864975
1850 132885 1832 865283
1851 132625 1807 865568
1852 132368 1795 865837
1853 132097 1779 866124
1854 131812 1802 866386
1855 131523 1808 866669
1856 131282 1759 866959
1857 130998 1779 867223
1858 130719 1760 867521
1859 130447 1771 867782
1860 130224 1737 868039
1861 129969 1713 868318
1862 129713 1725 868562
1863 129466 1719 868815
1864 129193 1728 869079
1865 128949 1729 869322
1866 128720 1705 869575
1867 128471 1705 869824
1868 128210 1744 870046
1869 127956 1736 870308
1870 127687 1743 870570
1871 127431 1739 870830
1872 127192 1751 871057
1873 126955 1706 871339
1874 126727 1664 871609
1875 126476 1682 871842
1876 126240 1677 872083
1877 126007 1665 872328
1878 125777 1660 872563
1879 125504 1690 872806
1880 125226 1714 873060
1881 124974 1692 873334
1882 124686 1722 873592
1883 124427 1707 873866
1884 124165 1724 874111
1885 123856 1767 874377
1886 123573 1796 874631
1887 123322 1816 874862
1888 123062 1818 875120
1889 122786 1794 875420
1890 122519 1807 875674
1891 122279 1786 875935
1892 121986 1856 876158
1893 121707 1903 876390
1894 121434 1893 876673
1895 121166 1855 876979
1896 120916 1815 877269
1897 120640 1844 877516
1898 120356 1861 877783
1899 120106 1828 878066
1900 119808 1818 878374
1901 119555 1784 878661
1902 119318 1761 878921
1903 119103 1708 879189
1904 118900 1656 879444
1905 118673 1623 879704
1906 118411 1633 879956
1907 118194 1586 880220
1908 117964 1551 880485
1909 117752 1535 880713
1910 117515 1553 880932
1911 117274 1587 881139
1912 117041 1578 881381
1913 116818 1577 881605
1914 116597 1567 881836
1915 116362 1580 882058
1916 116146 1567 882287
1917 115932 1550 882518
1918 115698 1545 882757
1919 115460 1550 882990
1920 115234 1542 883224
1921 114975 1565 883460
1922 114761 1561 883678
1923 114566 1522 883912
1924 114343 1507 884150
1925 114122 1527 884351
1926 113912 1472 884616
1927 113702 1437 884861
1928 113480 1417 885103
1929 113254 1402 885344
1930 113047 1387 885566
1931 112844 1390 885766
1932 112671 1340 885989
1933 112479 1346 886175
1934 112265 1341 886394
1935 112089 1322 886589
1936 111901 1317 886782
1937 111671 1339 886990
1938 111490 1327 887183
1939 111277 1347 887376
1940 111089 1338 887573
1941 110888 1328 887784
1942 110698 1305 887997
1943 110500 1338 888162
1944 110331 1307 888362
1945 110173 1245 888582
1946 110000 1229 888771
1947 109842 1207 888951
1948 109696 1161 889143
1949 109539 1139 889322
1950 109374 1140 889486
1951 109220 1135 889645
1952 109049 1175 889776
1953 108894 1168 889938
1954 108749 1142 890109
1955 108550 1179 890271
1956 108366 1194 890440
1957 108218 1154 890628
1958 108035 1174 890791
1959 107855 1180 890965
1960 107667 1205 891128
1961 107481 1207 891312
1962 107272 1230 891498
1963 107108 1207 891685
1964 106954 1167 891879
1965 106775 1164 892061
1966 106574 1188 892238
1967 106396 1164 892440
1968 106206 1179 892615
1969 106032 1191 892777
1970 105849 1192 892959
1971 105660 1224 893116
1972 105465 1239 893296
1973 105250 1273 893477
1974 105040 1295 893665
1975 104822 1333 893845
1976 104604 1354 894042
1977 104381 1381 894238
1978 104140 1425 894435
1979 103920 1441 894639
1980 103718 1422 894860
1981 103545 1394 895061
1982 103305 1439 895256
1983 103130 1426 895444
1984 102893 1450 895657
1985 102673 1436 895891
1986 102488 1406 896106
1987 102325 1341 896334
1988 102180 1270 896550
1989 102011 1216 896773
1990 101836 1229 896935
1991 101661 1235 897104
1992 101464 1230 897306
1993 101266 1256 897478
1994 101063 1245 897692
1995 100909 1206 897885
1996 100747 1194 898059
1997 100603 1153 898244
1998 100454 1115 898431
1999 100307 1095 898598
2000 100174 1058 898768
2001 100043 1036 898921
2002 99919 994 899087
2003 99784 987 899229
2004 99669 948 899383
2005 99544 921 899535
2006 99423 892 899685
2007 99290 884 899826
2008 99164 886 899950
2009 99046 868 900086
2010 98905 896 900199
2011 98782 879 900339
2012 98654 870 900476
2013 98531 891 900578
2014 98409 866 900725
2015 98306 838 900856
2016 98212 794 900994
2017 98102 780 901118
2018 97997 777 901226
2019 97893 757 901350
2020 97805 733 901462
2021 97712 712 901576
2022 97623 725 901652
2023 97532 719 901749
2024 97449 697 901854
2025 97334 710 901956
2026 97231 720 902049
2027 97131 722 902147
2028 97029 712 902259
2029 96933 694 902373
2030 96823 700 902477
2031 96721 690 902589
2032 96626 676 902698
2033 96532 682 902786
2034 96444 659 902897
2035 96362 654 902984
2036 96264 650 903086
2037 96182 644 903174
2038 96078 647 903275
2039 95982 665 903353
2040 95872 668 903460
2041 95783 659 903558
2042 95680 678 903642
2043 95580 673 903747
2044 95465 676 903859
2045 95364 689 903947
2046 95273 674 904053
2047 95179 680 904141
2048 95077 686 904237
2049 94981 688 904331
2050 94868 696 904436
2051 94749 714 904537
2052 94645 716 904639
2053 94538 714 904748
2054 94428 725 904847
2055 94305 749 904946
2056 94202 760 905038
2057 94099 747 905154
2058 93979 737 905284
2059 93888 741 905371
2060 93807 730 905463
2061 93704 728 905568
2062 93615 693 905692
2063 93515 689 905796
2064 93427 655 905918
2065 93337 664 905999
2066 93268 633 906099
2067 93184 622 906194
2068 93103 621 906276
2069 93035 602 906363
2070 92960 572 906468
2071 92881 574 906545
2072 92816 563 906621
2073 92738 549 906713
2074 92673 524 906803
2075 92602 515 906883
2076 92542 499 906959
2077 92488 485 907027
2078 92426 464 907110
2079 92363 468 907169
2080 92317 444 907239
2081 92249 441 907310
2082 92187 435 907378
2083 92111 456 907433
2084 92038 457 907505
2085 91966 460 907574
2086 91903 449 907648
2087 91835 456 907709
2088 91764 452 907784
2089 91678 454 907868
2090 91610 443 907947
2091 91536 454 908010
2092 91470 454 908076
2093 91400 450 908150
2094 91334 464 908202
2095 91263 469 908268
2096 91206 450 908344
2097 91140 452 908408
2098 91075 453 908472
2099 91006 447 908547
2100 90948 434 908618
2101 90865 450 908685
2102 90801 448 908751
2103 90742 433 908825
2104 90668 434 908898
2105 90602 428 908970
2106 90536 445 909019
2107 90475 435 909090
2108 90402 439 909159
2109 90346 433 909221
2110 90283 424 909293
2111 90228 411 909361
2112 90173 400 909427
2113 90118 399 909483
2114 90085 384 909531
2115 90054 358 909588
2116 90014 342 909644
2117 89977 323 909700
2118 89939 308 909753
2119 89899 302 909799
2120 89878 279 909843
2121 89845 275 909880
2122 89808 268 909924
2123 89765 272 909963
2124 89730 266 910004
2125 89703 253 910044
2126 89666 248 910086
2127 89632 245 910123
2128 89596 244 910160
2129 89565 250 910185
2130 89521 247 910232
2131 89480 253 910267
2132 89432 268 910300
2133 89390 263 910347
2134 89356 258 910386
2135 89321 245 910434
2136 89290 234 910476
2137 89255 237 910508
2138 89215 241 910544
2139 89182 239 910579
2140 89144 238 910618
2141 89114 222 910664
2142 89086 203 910711
2143 89064 202 910734
2144 89040 205 910755
2145 89008 205 910787
2146 88983 195 910822
2147 88955 195 910850
2148 88926 199 910875
2149 88903 191 910906
2150 88870 192 910938
2151 88856 171 910973
2152 88837 165 910998
2153 88825 152 911023
2154 88806 148 911046
2155 88793 133 911074
2156 88784 114 911102
2157 88773 112 911115
2158 88756 109 911135
2159 88748 104 911148
2160 88737 111 911152
2161 88730 100 911170
2162 88724 90 911186
2163 88718 83 911199
2164 88713 74 911213
2165 88708 72 911220
2166 88704 70 911226
2167 88701 62 911237
2168 88695 55 911250
2169 88690 52 911258
2170 88682 57 911261
2171 88682 50 911268
2172 88677 48 911275
2173 88673 46 911281
2174 88673 31 911296
2175 88666 36 911298
2176 88656 43 911301
2177 88648 48 911304
2178 88644 44 911312
2179 88640 43 911317
2180 88640 41 911319
2181 88637 36 911327
2182 88634 33 911333
2183 88633 29 911338
2184 88630 25 911345
2185 88630 21 911349
2186 88628 21 911351
2187 88626 21 911353
2188 88624 19 911357
2189 88621 20 911359
2190 88618 21 911361
2191 88616 22 911362
2192 88616 19 911365
2193 88613 20 911367
2194 88610 20 911370
2195 88609 17 911374
2196 88607 15 911378
2197 88605 15 911380
2198 88602 17 911381
2199 88602 15 911383
2200 88599 15 911386
2201 88597 16 911387
2202 88595 13 911392
2203 88595 11 911394
2204 88595 10 911395
2205 88593 9 911398
2206 88593 7 911400
2207 88592 7 911401
2208 88592 6 911402
2209 88592 6 911402
2210 88592 6 911402
2211 88590 8 911402
2212 88590 8 911402
2213 88590 8 911402
2214 88589 9 911402
2215 88589 8 911403
2216 88589 8 911403
2217 88589 6 911405
2218 88589 5 911406
2219 88589 5 911406
2220 88589 5 911406
2221 88589 3 911408
2222 88587 4 911409
2223 88587 3 911410
2224 88587 3 911410
2225 88587 2 911411
2226 88587 1 911412
2227 88587 1 911412
