0 39999 1 0
1 39897 4 99
2 39803 4 193
3 39700 7 293
4 39596 12 392
5 39486 17 497
6 39381 19 600
7 39291 26 683
8 39196 34 770
9 39087 41 872
10 38965 46 989
11 38878 54 1068
12 38783 60 1157
13 38680 62 1258
14 38561 70 1369
15 38457 77 1466
16 38334 84 1582
17 38209 93 1698
18 38111 100 1789
19 37994 118 1888
20 37887 136 1977
21 37766 155 2079
22 37675 166 2159
23 37560 181 2259
24 37444 200 2356
25 37358 216 2426
26 37221 238 2541
27 37115 260 2625
28 36995 282 2723
29 36892 302 2806
30 36781 316 2903
31 36669 334 2997
32 36546 357 3097
33 36439 382 3179
34 36332 407 3261
35 36215 434 3351
36 36102 459 3439
37 35985 492 3523
38 35859 532 3609
39 35721 562 3717
40 35599 585 3816
41 35497 610 3893
42 35367 642 3991
43 35239 677 4084
44 35109 714 4177
45 34982 752 4266
46 34862 789 4349
47 34733 824 4443
48 34584 880 4536
49 34461 930 4609
50 34343 968 4689
51 34223 1020 4757
52 34085 1063 4852
53 33955 1112 4933
54 33826 1155 5019
55 33694 1210 5096
56 33547 1257 5196
57 33419 1308 5273
58 33303 1352 5345
59 33181 1393 5426
60 33047 1444 5509
61 32904 1506 5590
62 32773 1563 5664
63 32634 1618 5748
64 32500 1674 5826
65 32370 1725 5905
66 32233 1773 5994
67 32100 1827 6073
68 31974 1868 6158
69 31846 1917 6237
70 31713 1958 6329
71 31599 1988 6413
72 31478 2032 6490
73 31363 2065 6572
74 31247 2111 6642
75 31123 2156 6721
76 30991 2201 6808
77 30883 2243 6874
78 30765 2294 6941
79 30648 2346 7006
80 30519 2390 7091
81 30381 2443 7176
82 30234 2496 7270
83 30115 2536 7349
84 29991 2584 7425
85 29856 2648 7496
86 29730 2709 7561
87 29585 2778 7637
88 29449 2833 7718
89 29328 2883 7789
90 29207 2930 7863
91 29076 2980 7944
92 28939 3029 8032
93 28809 3088 8103
94 28691 3130 8179
95 28563 3190 8247
96 28439 3241 8320
97 28316 3293 8391
98 28184 3347 8469
99 28076 3404 8520
100 27955 3445 8600
101 27842 3492 8666
102 27727 3540 8733
103 27586 3593 8821
104 27479 3641 8880
105 27345 3699 8956
106 27210 3758 9032
107 27105 3809 9086
108 26990 3858 9152
109 26894 3895 9211
110 26787 3942 9271
111 26678 3990 9332
112 26580 4030 9390
113 26446 4092 9462
114 26305 4157 9538
115 26164 4217 9619
116 26066 4258 9676
117 25956 4310 9734
118 25840 4361 9799
119 25712 4424 9864
120 25582 4481 9937
121 25466 4529 10005
122 25330 4601 10069
123 25205 4652 10143
124 25110 4697 10193
125 24977 4761 10262
126 24844 4832 10324
127 24711 4893 10396
128 24597 4952 10451
129 24471 5004 10525
130 24377 5049 10574
131 24255 5110 10635
132 24142 5165 10693
133 24012 5217 10771
134 23898 5266 10836
135 23787 5325 10888
136 23681 5371 10948
137 23571 5429 11000
138 23463 5480 11057
139 23354 5531 11115
140 23247 5580 11173
141 23151 5623 11226
142 23043 5683 11274
143 22933 5724 11343
144 22830 5782 11388
145 22726 5828 11446
146 22629 5869 11502
147 22516 5921 11563
148 22443 5957 11600
149 22359 5991 11650
150 22263 6034 11703
151 22178 6062 11760
152 22082 6094 11824
153 22004 6130 11866
154 21913 6166 11921
155 21819 6209 11972
156 21735 6249 12016
157 21649 6289 12062
158 21551 6337 12112
159 21453 6383 12164
160 21357 6427 12216
161 21236 6476 12288
162 21130 6536 12334
163 21036 6584 12380
164 20909 6648 12443
165 20822 6690 12488
166 20732 6742 12526
167 20609 6794 12597
168 20506 6850 12644
169 20409 6896 12695
170 20295 6948 12757
171 20190 6994 12816
172 20100 7044 12856
173 20013 7085 12902
174 19922 7131 12947
175 19820 7177 13003
176 19716 7211 13073
177 19624 7247 13129
178 19539 7284 13177
179 19466 7319 13215
180 19367 7361 13272
181 19287 7399 13314
182 19205 7432 13363
183 19130 7464 13406
184 19051 7503 13446
185 18971 7538 13491
186 18868 7591 13541
187 18774 7642 13584
188 18689 7683 13628
189 18576 7741 13683
190 18488 7776 13736
191 18394 7832 13774
192 18313 7870 13817
193 18224 7903 13873
194 18133 7944 13923
195 18047 7986 13967
196 17968 8021 14011
197 17888 8064 14048
198 17814 8102 14084
199 17733 8128 14139
200 17652 8168 14180
201 17573 8201 14226
202 17512 8226 14262
203 17430 8265 14305
204 17353 8294 14353
205 17287 8329 14384
206 17201 8361 14438
207 17119 8394 14487
208 17046 8424 14530
209 16969 8454 14577
210 16892 8483 14625
211 16810 8514 14676
212 16744 8542 14714
213 16679 8571 14750
214 16608 8599 14793
215 16537 8625 14838
216 16470 8646 14884
217 16421 8669 14910
218 16349 8700 14951
219 16276 8730 14994
220 16210 8753 15037
221 16152 8774 15074
222 16085 8794 15121
223 16018 8816 15166
224 15951 8844 15205
225 15895 8860 15245
226 15840 8883 15277
227 15774 8914 15312
228 15712 8943 15345
229 15655 8969 15376
230 15598 8985 15417
231 15533 9006 15461
232 15449 9032 15519
233 15388 9062 15550
234 15320 9091 15589
235 15255 9125 15620
236 15188 9150 15662
237 15124 9176 15700
238 15063 9203 15734
239 14998 9222 15780
240 14937 9239 15824
241 14882 9257 15861
242 14816 9287 15897
243 14759 9303 15938
244 14684 9333 15983
245 14624 9356 16020
246 14551 9378 16071
247 14497 9404 16099
248 14444 9427 16129
249 14388 9450 16162
250 14321 9469 16210
251 14270 9491 16239
252 14220 9509 16271
253 14164 9530 16306
254 14096 9559 16345
255 14022 9588 16390
256 13977 9607 16416
257 13939 9623 16438
258 13886 9639 16475
259 13829 9653 16518
260 13777 9672 16551
261 13718 9688 16594
262 13667 9707 16626
263 13622 9721 16657
264 13574 9737 16689
265 13525 9754 16721
266 13476 9766 16758
267 13431 9782 16787
268 13388 9794 16818
269 13338 9804 16858
270 13301 9812 16887
271 13253 9828 16919
272 13208 9841 16951
273 13167 9849 16984
274 13126 9856 17018
275 13091 9865 17044
276 13055 9875 17070
277 13010 9885 17105
278 12962 9891 17147
279 12923 9900 17177
280 12886 9903 17211
281 12850 9908 17242
282 12816 9914 17270
283 12777 9924 17299
284 12733 9932 17335
285 12704 9936 17360
286 12661 9940 17399
287 12612 9950 17438
288 12577 9954 17469
289 12539 9956 17505
290 12493 9963 17544
291 12457 9970 17573
292 12424 9976 17600
293 12391 9981 17628
294 12349 9988 17663
295 12301 9996 17703
296 12261 10004 17735
297 12229 10009 17762
298 12190 10013 17797
299 12154 10020 17826
300 12125 10024 17851
301 12082 10028 17890
302 12046 10030 17924
303 12009 10034 17957
304 11980 10040 17980
305 11950 10047 18003
306 11913 10052 18035
307 11881 10057 18062
308 11848 10061 18091
309 11815 10064 18121
310 11783 10068 18149
311 11747 10073 18180
312 11715 10078 18207
313 11687 10080 18233
314 11651 10085 18264
315 11617 10087 18296
316 11587 10090 18323
317 11562 10095 18343
318 11535 10096 18369
319 11504 10099 18397
320 11471 10101 18428
321 11438 10105 18457
322 11412 10108 18480
323 11395 10108 18497
324 11363 10110 18527
325 11330 10112 18558
326 11308 10115 18577
327 11291 10115 18594
328 11267 10118 18615
329 11227 10118 18655
330 11207 10118 18675
331 11177 10118 18705
332 11144 10119 18737
333 11111 10120 18769
334 11091 10122 18787
335 11062 10122 18816
336 11035 10122 18843
337 11010 10123 18867
338 10985 10124 18891
339 10955 10124 18921
340 10932 10124 18944
341 10896 10124 18980
342 10871 10125 19004
343 10849 10126 19025
344 10824 10128 19048
345 10802 10130 19068
346 10780 10131 19089
347 10752 10132 19116
348 10732 10132 19136
349 10704 10132 19164
350 10682 10132 19186
351 10658 10133 19209
352 10639 10133 19228
353 10608 10135 19257
354 10583 10135 19282
355 10560 10135 19305
356 10535 10135 19330
357 10513 10135 19352
358 10479 10137 19384
359 10451 10138 19411
360 10425 10138 19437
361 10402 10138 19460
362 10376 10139 19485
363 10363 10139 19498
364 10347 10140 19513
365 10322 10140 19538
366 10294 10140 19566
367 10271 10141 19588
368 10247 10141 19612
369 10226 10141 19633
370 10206 10142 19652
371 10183 10143 19674
372 10157 10143 19700
373 10124 10143 19733
