0 249999 1 0
1 249999 1 0
2 249999 1 0
3 249999 1 0
4 249997 2 1
5 249996 3 1
6 249995 4 1
7 249990 8 2
8 249988 8 4
9 249985 8 7
10 249984 9 7
11 249982 10 8
12 249979 10 11
13 249974 14 12
14 249968 15 17
15 249963 20 17
16 249956 24 20
17 249950 23 27
18 249947 25 28
19 249944 25 31
20 249938 22 40
21 249930 26 44
22 249922 33 45
23 249906 44 50
24 249894 49 57
25 249882 55 63
26 249871 55 74
27 249864 52 84
28 249858 48 94
29 249848 54 98
30 249840 58 102
31 249835 56 109
32 249832 52 116
33 249822 53 125
34 249814 52 134
35 249809 54 137
36 249802 49 149
37 249796 52 152
38 249788 52 160
39 249775 55 170
40 249768 54 178
41 249759 53 188
42 249751 53 196
43 249736 65 199
44 249724 67 209
45 249705 77 218
46 249695 73 232
47 249685 75 240
48 249665 82 253
49 249654 73 273
50 249636 85 279
51 249619 95 286
52 249601 102 297
53 249580 102 318
54 249558 110 332
55 249537 120 343
56 249516 119 365
57 249499 121 380
58 249474 133 393
59 249458 129 413
60 249429 130 441
61 249400 133 467
62 249374 143 483
63 249350 151 499
64 249322 157 521
65 249293 164 543
66 249263 168 569
67 249226 180 594
68 249197 178 625
69 249170 180 650
70 249156 170 674
71 249136 171 693
72 249100 179 721
73 249077 172 751
74 249042 186 772
75 249013 178 809
76 248978 197 825
77 248944 201 855
78 248895 216 889
79 248847 235 918
80 248823 228 949
81 248785 242 973
82 248743 251 1006
83 248704 253 1043
84 248676 247 1077
85 248640 251 1109
86 248596 255 1149
87 248555 264 1181
88 248516 255 1229
89 248484 247 1269
90 248433 262 1305
91 248388 268 1344
92 248337 282 1381
93 248277 300 1423
94 248228 295 1477
95 248183 288 1529
96 248136 294 1570
97 248103 289 1608
98 248047 304 1649
99 247992 309 1699
100 247933 309 1758
101 247891 312 1797
102 247845 311 1844
103 247796 316 1888
104 247759 304 1937
105 247716 304 1980
106 247675 301 2024
107 247626 308 2066
108 247584 302 2114
109 247521 317 2162
110 247461 328 2211
111 247409 331 2260
112 247343 353 2304
113 247282 367 2351
114 247221 375 2404
115 247158 392 2450
116 247089 409 2502
117 247020 404 2576
118 246966 388 2646
119 246911 383 2706
120 246853 388 2759
121 246791 389 2820
122 246714 401 2885
123 246658 390 2952
124 246594 394 3012
125 246532 384 3084
126 246479 373 3148
127 246412 395 3193
128 246349 393 3258
129 246291 393 3316
130 246239 380 3381
131 246177 388 3435
132 246110 401 3489
133 246045 409 3546
134 245968 431 3601
135 245893 438 3669
136 245825 441 3734
137 245746 457 3797
138 245674 453 3873
139 245607 444 3949
140 245520 461 4019
141 245432 484 4084
142 245346 498 4156
143 245243 530 4227
144 245180 514 4306
145 245092 532 4376
146 244998 548 4454
147 244913 564 4523
148 244823 584 4593
149 244721 608 4671
150 244609 625 4766
151 244529 614 4857
152 244428 620 4952
153 244338 610 5052
154 244227 634 5139
155 244122 640 5238
156 244045 630 5325
157 243954 626 5420
158 243860 616 5524
159 243784 601 5615
160 243695 591 5714
161 243581 622 5797
162 243489 631 5880
163 243406 605 5989
164 243314 604 6082
165 243224 592 6184
166 243143 600 6257
167 243061 603 6336
168 242962 599 6439
169 242873 596 6531
170 242812 577 6611
171 242734 577 6689
172 242651 582 6767
173 242573 572 6855
174 242500 552 6948
175 242427 547 7026
176 242334 550 7116
177 242247 555 7198
178 242155 552 7293
179 242065 561 7374
180 241975 554 7471
181 241870 570 7560
182 241776 571 7653
183 241674 575 7751
184 241570 590 7840
185 241478 589 7933
186 241385 594 8021
187 241286 607 8107
188 241195 576 8229
189 241108 588 8304
190 241024 573 8403
191 240945 580 8475
192 240859 580 8561
193 240762 588 8650
194 240655 606 8739
195 240564 613 8823
196 240467 641 8892
197 240375 639 8986
198 240274 652 9074
199 240169 671 9160
200 240082 658 9260
201 240010 625 9365
202 239940 584 9476
203 239844 592 9564
204 239754 587 9659
205 239649 600 9751
206 239544 622 9834
207 239448 644 9908
208 239361 632 10007
209 239263 645 10092
210 239162 654 10184
211 239063 662 10275
212 238971 662 10367
213 238855 677 10468
214 238768 649 10583
215 238673 650 10677
216 238594 614 10792
217 238493 626 10881
218 238394 635 10971
219 238303 625 11072
220 238212 629 11159
221 238121 623 11256
222 238032 612 11356
223 237918 635 11447
224 237819 634 11547
225 237722 617 11661
226 237607 651 11742
227 237474 695 11831
228 237352 709 11939
229 237238 716 12046
230 237133 719 12148
231 237026 726 12248
232 236902 740 12358
233 236776 752 12472
234 236675 740 12585
235 236556 749 12695
236 236446 744 12810
237 236305 775 12920
238 236160 791 13049
239 236046 779 13175
240 235935 771 13294
241 235813 783 13404
242 235690 773 13537
243 235572 796 13632
244 235447 816 13737
245 235310 822 13868
246 235170 825 14005
247 235066 815 14119
248 234953 803 14244
249 234845 790 14365
250 234735 787 14478
251 234614 786 14600
252 234499 780 14721
253 234380 800 14820
254 234260 799 14941
255 234156 770 15074
256 234053 755 15192
257 233943 751 15306
258 233823 767 15410
259 233706 778 15516
260 233560 827 15613
261 233430 845 15725
262 233318 819 15863
263 233213 808 15979
264 233106 790 16104
265 232978 807 16215
266 232849 818 16333
267 232703 837 16460
268 232552 854 16594
269 232400 898 16702
270 232218 951 16831
271 232059 963 16978
272 231903 971 17126
273 231748 978 17274
274 231554 1029 17417
275 231373 1067 17560
276 231218 1085 17697
277 231027 1129 17844
278 230868 1104 18028
279 230707 1086 18207
280 230513 1106 18381
281 230337 1126 18537
282 230151 1152 18697
283 229963 1163 18874
284 229770 1189 19041
285 229569 1211 19220
286 229400 1213 19387
287 229216 1227 19557
288 229038 1212 19750
289 228843 1230 19927
290 228643 1262 20095
291 228454 1266 20280
292 228293 1246 20461
293 228117 1246 20637
294 227968 1206 20826
295 227772 1232 20996
296 227591 1211 21198
297 227413 1207 21380
298 227222 1225 21553
299 227017 1256 21727
300 226810 1260 21930
301 226627 1257 22116
302 226448 1260 22292
303 226258 1266 22476
304 226089 1253 22658
305 225886 1281 22833
306 225710 1275 23015
307 225522 1264 23214
308 225339 1269 23392
309 225185 1250 23565
310 224996 1247 23757
311 224808 1270 23922
312 224611 1263 24126
313 224434 1242 24324
314 224241 1240 24519
315 224050 1236 24714
316 223877 1216 24907
317 223686 1221 25093
318 223494 1222 25284
319 223328 1219 25453
320 223170 1196 25634
321 222980 1191 25829
322 222810 1186 26004
323 222670 1145 26185
324 222500 1150 26350
325 222308 1159 26533
326 222136 1142 26722
327 221943 1152 26905
328 221787 1115 27098
329 221624 1097 27279
330 221472 1089 27439
331 221273 1118 27609
332 221131 1101 27768
333 220969 1098 27933
334 220792 1112 28096
335 220603 1108 28289
336 220432 1119 28449
337 220250 1133 28617
338 220081 1124 28795
339 219898 1118 28984
340 219727 1125 29148
341 219552 1111 29337
342 219368 1119 29513
343 219166 1142 29692
344 218971 1163 29866
345 218786 1191 30023
346 218581 1221 30198
347 218382 1228 30390
348 218172 1243 30585
349 217946 1314 30740
350 217749 1296 30955
351 217570 1282 31148
352 217371 1300 31329
353 217185 1294 31521
354 217008 1282 31710
355 216819 1275 31906
356 216595 1312 32093
357 216402 1311 32287
358 216213 1301 32486
359 216007 1307 32686
360 215820 1300 32880
361 215624 1307 33069
362 215429 1317 33254
363 215224 1324 33452
364 215044 1298 33658
365 214860 1303 33837
366 214671 1308 34021
367 214480 1317 34203
368 214281 1294 34425
369 214099 1288 34613
370 213867 1340 34793
371 213679 1324 34997
372 213451 1366 35183
373 213250 1352 35398
374 213080 1309 35611
375 212901 1299 35800
376 212710 1296 35994
377 212493 1301 36206
378 212301 1277 36422
379 212099 1290 36611
380 211901 1279 36820
381 211719 1270 37011
382 211539 1264 37197
383 211347 1255 37398
384 211179 1258 37563
385 210987 1236 37777
386 210787 1241 37972
387 210577 1244 38179
388 210365 1277 38358
389 210117 1321 38562
390 209911 1328 38761
391 209705 1319 38976
392 209502 1340 39158
393 209317 1326 39357
394 209128 1300 39572
395 208949 1244 39807
396 208745 1243 40012
397 208559 1245 40196
398 208367 1249 40384
399 208150 1283 40567
400 207960 1276 40764
401 207754 1282 40964
402 207561 1279 41160
403 207366 1303 41331
404 207167 1340 41493
405 206941 1368 41691
406 206739 1357 41904
407 206517 1368 42115
408 206304 1363 42333
409 206117 1358 42525
410 205913 1365 42722
411 205688 1376 42936
412 205483 1391 43126
413 205287 1381 43332
414 205089 1366 43545
415 204876 1384 43740
416 204673 1384 43943
417 204460 1400 44140
418 204255 1369 44376
419 204055 1348 44597
420 203842 1376 44782
421 203630 1387 44983
422 203414 1408 45178
423 203203 1391 45406
424 202985 1403 45612
425 202763 1385 45852
426 202538 1413 46049
427 202319 1424 46257
428 202108 1429 46463
429 201870 1448 46682
430 201649 1447 46904
431 201440 1444 47116
432 201196 1457 47347
433 200956 1471 47573
434 200706 1499 47795
435 200462 1537 48001
436 200186 1593 48221
437 199942 1581 48477
438 199695 1590 48715
439 199464 1599 48937
440 199233 1589 49178
441 199002 1551 49447
442 198776 1563 49661
443 198553 1549 49898
444 198355 1525 50120
445 198102 1545 50353
446 197847 1618 50535
447 197601 1616 50783
448 197355 1619 51026
449 197111 1611 51278
450 196845 1640 51515
451 196568 1671 51761
452 196309 1669 52022
453 196077 1649 52274
454 195841 1656 52503
455 195606 1659 52735
456 195328 1706 52966
457 195073 1711 53216
458 194827 1701 53472
459 194600 1697 53703
460 194328 1705 53967
461 194102 1673 54225
462 193849 1697 54454
463 193603 1707 54690
464 193350 1732 54918
465 193084 1728 55188
466 192855 1683 55462
467 192606 1664 55730
468 192327 1703 55970
469 192062 1692 56246
470 191816 1671 56513
471 191542 1691 56767
472 191238 1747 57015
473 190930 1788 57282
474 190660 1821 57519
475 190354 1838 57808
476 190081 1833 58086
477 189766 1874 58360
478 189487 1897 58616
479 189217 1901 58882
480 188928 1932 59140
481 188662 1898 59440
482 188382 1899 59719
483 188071 1905 60024
484 187796 1913 60291
485 187547 1863 60590
486 187280 1865 60855
487 187017 1856 61127
488 186748 1853 61399
489 186470 1881 61649
490 186186 1873 61941
491 185921 1865 62214
492 185648 1860 62492
493 185359 1848 62793
494 185093 1823 63084
495 184871 1745 63384
496 184634 1716 63650
497 184404 1684 63912
498 184149 1682 64169
499 183931 1636 64433
500 183684 1617 64699
501 183441 1633 64926
502 183178 1666 65156
503 182943 1661 65396
504 182694 1674 65632
505 182443 1684 65873
506 182196 1680 66124
507 181950 1683 66367
508 181693 1678 66629
509 181462 1667 66871
510 181196 1638 67166
511 180938 1656 67406
512 180661 1673 67666
513 180372 1697 67931
514 180077 1744 68179
515 179828 1717 68455
516 179575 1704 68721
517 179290 1732 68978
518 179004 1758 69238
519 178716 1773 69511
520 178429 1806 69765
521 178122 1832 70046
522 177831 1867 70302
523 177547 1868 70585
524 177246 1894 70860
525 176939 1912 71149
526 176630 1905 71465
527 176311 1949 71740
528 176025 1933 72042
529 175709 1959 72332
530 175409 1963 72628
531 175130 1940 72930
532 174831 1927 73242
533 174524 1945 73531
534 174224 1929 73847
535 173900 1951 74149
536 173558 2000 74442
537 173224 2016 74760
538 172886 2034 75080
539 172569 2086 75345
540 172229 2099 75672
541 171925 2075 76000
542 171591 2130 76279
543 171294 2102 76604
544 170984 2142 76874
545 170665 2155 77180
546 170382 2106 77512
547 170076 2089 77835
548 169746 2099 78155
549 169437 2076 78487
550 169133 2069 78798
551 168797 2090 79113
552 168490 2080 79430
553 168182 2095 79723
554 167900 2067 80033
555 167629 2009 80362
556 167343 1978 80679
557 167032 2015 80953
558 166732 2005 81263
559 166418 2039 81543
560 166138 2017 81845
561 165822 2016 82162
562 165505 2010 82485
563 165212 1980 82808
564 164875 2046 83079
565 164534 2093 83373
566 164200 2103 83697
567 163902 2075 84023
568 163578 2107 84315
569 163251 2111 84638
570 162933 2125 84942
571 162627 2098 85275
572 162267 2164 85569
573 161902 2188 85910
574 161574 2188 86238
575 161226 2201 86573
576 160885 2210 86905
577 160575 2177 87248
578 160242 2209 87549
579 159861 2256 87883
580 159526 2253 88221
581 159215 2225 88560
582 158861 2243 88896
583 158535 2268 89197
584 158135 2320 89545
585 157798 2314 89888
586 157466 2307 90227
587 157114 2282 90604
588 156779 2277 90944
589 156439 2269 91292
590 156115 2253 91632
591 155764 2302 91934
592 155377 2360 92263
593 155089 2261 92650
594 154764 2229 93007
595 154436 2241 93323
596 154087 2257 93656
597 153734 2236 94030
598 153352 2285 94363
599 153006 2299 94695
600 152663 2300 95037
601 152307 2310 95383
602 151953 2307 95740
603 151604 2318 96078
604 151234 2338 96428
605 150844 2396 96760
606 150508 2378 97114
607 150147 2367 97486
608 149784 2362 97854
609 149355 2445 98200
610 148944 2492 98564
611 148496 2538 98966
612 148099 2582 99319
613 147672 2648 99680
614 147271 2604 100125
615 146877 2595 100528
616 146431 2668 100901
617 145981 2706 101313
618 145586 2726 101688
619 145160 2727 102113
620 144775 2708 102517
621 144405 2706 102889
622 144042 2667 103291
623 143686 2602 103712
624 143301 2588 104111
625 142988 2527 104485
626 142639 2489 104872
627 142271 2485 105244
628 141883 2479 105638
629 141506 2458 106036
630 141143 2441 106416
631 140759 2478 106763
632 140420 2447 107133
633 140079 2424 107497
634 139725 2406 107869
635 139379 2400 108221
636 138966 2414 108620
637 138595 2400 109005
638 138186 2400 109414
639 137773 2465 109762
640 137403 2445 110152
641 137002 2484 110514
642 136600 2485 110915
643 136212 2504 111284
644 135844 2471 111685
645 135462 2464 112074
646 135102 2459 112439
647 134741 2458 112801
648 134410 2386 113204
649 134054 2391 113555
650 133703 2394 113903
651 133309 2415 114276
652 132937 2399 114664
653 132574 2395 115031
654 132209 2389 115402
655 131801 2443 115756
656 131411 2475 116114
657 131055 2514 116431
658 130669 2535 116796
659 130298 2549 117153
660 129943 2498 117559
661 129582 2499 117919
662 129226 2488 118286
663 128810 2512 118678
664 128437 2529 119034
665 128070 2539 119391
666 127686 2553 119761
667 127304 2560 120136
668 126938 2551 120511
669 126525 2612 120863
670 126159 2599 121242
671 125763 2586 121651
672 125403 2529 122068
673 125048 2528 122424
674 124693 2499 122808
675 124359 2485 123156
676 124044 2426 123530
677 123717 2376 123907
678 123376 2362 124262
679 123053 2348 124599
680 122725 2340 124935
681 122413 2292 125295
682 122084 2284 125632
683 121763 2242 125995
684 121465 2215 126320
685 121179 2143 126678
686 120930 2087 126983
687 120648 2051 127301
688 120343 2062 127595
689 120042 2054 127904
690 119724 2056 128220
691 119400 2122 128478
692 119054 2150 128796
693 118742 2140 129118
694 118416 2149 129435
695 118081 2122 129797
696 117736 2158 130106
697 117409 2153 130438
698 117093 2144 130763
699 116723 2187 131090
700 116383 2175 131442
701 116031 2203 131766
702 115691 2205 132104
703 115356 2211 132433
704 115043 2192 132765
705 114718 2165 133117
706 114411 2155 133434
707 114079 2131 133790
708 113734 2149 134117
709 113404 2160 134436
710 113048 2193 134759
711 112714 2195 135091
712 112377 2195 135428
713 112049 2173 135778
714 111652 2248 136100
715 111275 2317 136408
716 110900 2338 136762
717 110543 2326 137131
718 110154 2346 137500
719 109780 2342 137878
720 109411 2370 138219
721 109078 2356 138566
722 108726 2375 138899
723 108375 2391 139234
724 108001 2398 139601
725 107597 2424 139979
726 107202 2443 140355
727 106795 2475 140730
728 106427 2486 141087
729 106022 2504 141474
730 105657 2488 141855
731 105246 2530 142224
732 104856 2512 142632
733 104498 2496 143006
734 104106 2474 143420
735 103756 2481 143763
736 103352 2513 144135
737 102972 2526 144502
738 102578 2543 144879
739 102166 2585 145249
740 101750 2597 145653
741 101358 2606 146036
742 100946 2615 146439
743 100542 2629 146829
744 100177 2601 147222
745 99827 2567 147606
746 99434 2559 148007
747 99038 2552 148410
748 98658 2525 148817
749 98259 2540 149201
750 97864 2547 149589
751 97493 2535 149972
752 97121 2545 150334
753 96727 2558 150715
754 96311 2602 151087
755 95917 2642 151441
756 95485 2687 151828
757 95037 2758 152205
758 94576 2802 152622
759 94136 2832 153032
760 93704 2822 153474
761 93285 2804 153911
762 92845 2836 154319
763 92394 2862 154744
764 91958 2884 155158
765 91508 2906 155586
766 91094 2852 156054
767 90688 2822 156490
768 90263 2832 156905
769 89841 2827 157332
770 89421 2841 157738
771 88987 2852 158161
772 88586 2836 158578
773 88120 2876 159004
774 87689 2839 159472
775 87291 2815 159894
776 86865 2825 160310
777 86433 2846 160721
778 85986 2885 161129
779 85534 2912 161554
780 85095 2917 161988
781 84667 2897 162436
782 84263 2837 162900
783 83847 2845 163308
784 83418 2838 163744
785 82976 2859 164165
786 82566 2858 164576
787 82121 2911 164968
788 81688 2893 165419
789 81265 2893 165842
790 80837 2883 166280
791 80403 2869 166728
792 79970 2889 167141
793 79503 2949 167548
794 79047 2974 167979
795 78593 2969 168438
796 78150 2961 168889
797 77742 2913 169345
798 77298 2914 169788
799 76829 2929 170242
800 76403 2924 170673
801 75958 2928 171114
802 75569 2888 171543
803 75163 2833 172004
804 74721 2841 172438
805 74287 2853 172860
806 73914 2811 173275
807 73530 2798 173672
808 73150 2744 174106
809 72765 2727 174508
810 72378 2674 174948
811 71976 2660 175364
812 71593 2626 175781
813 71214 2599 176187
814 70853 2562 176585
815 70466 2572 176962
816 70047 2600 177353
817 69627 2623 177750
818 69211 2623 178166
819 68806 2650 178544
820 68415 2670 178915
821 68058 2631 179311
822 67650 2609 179741
823 67289 2575 180136
824 66912 2577 180511
825 66579 2528 180893
826 66203 2499 181298
827 65835 2525 181640
828 65473 2523 182004
829 65118 2501 182381
830 64702 2539 182759
831 64295 2583 183122
832 63912 2563 183525
833 63546 2538 183916
834 63156 2550 184294
835 62794 2525 184681
836 62442 2514 185044
837 62074 2526 185400
838 61714 2481 185805
839 61392 2390 186218
840 61016 2386 186598
841 60707 2332 186961
842 60381 2302 187317
843 60024 2295 187681
844 59725 2229 188046
845 59395 2226 188379
846 59027 2253 188720
847 58703 2248 189049
848 58349 2246 189405
849 58029 2219 189752
850 57675 2209 190116
851 57293 2252 190455
852 56934 2280 190786
853 56551 2298 191151
854 56203 2297 191500
855 55850 2296 191854
856 55487 2301 192212
857 55137 2326 192537
858 54827 2290 192883
859 54491 2270 193239
860 54164 2249 193587
861 53853 2217 193930
862 53566 2157 194277
863 53267 2089 194644
864 52983 2040 194977
865 52694 2024 195282
866 52387 2039 195574
867 52078 2024 195898
868 51773 2014 196213
869 51492 2000 196508
870 51211 1996 196793
871 50949 1967 197084
872 50652 1974 197374
873 50392 1963 197645
874 50118 1955 197927
875 49861 1896 198243
876 49585 1871 198544
877 49274 1891 198835
878 49009 1884 199107
879 48724 1891 199385
880 48463 1863 199674
881 48188 1884 199928
882 47907 1856 200237
883 47644 1850 200506
884 47382 1835 200783
885 47143 1803 201054
886 46894 1798 201308
887 46628 1809 201563
888 46371 1784 201845
889 46148 1774 202078
890 45898 1770 202332
891 45629 1783 202588
892 45378 1759 202863
893 45131 1722 203147
894 44901 1695 203404
895 44646 1677 203677
896 44370 1698 203932
897 44130 1686 204184
898 43908 1647 204445
899 43670 1605 204725
900 43451 1584 204965
901 43229 1548 205223
902 43016 1541 205443
903 42840 1484 205676
904 42626 1481 205893
905 42409 1479 206112
906 42211 1445 206344
907 41997 1451 206552
908 41791 1443 206766
909 41560 1442 206998
910 41358 1443 207199
911 41154 1442 207404
912 40954 1423 207623
913 40737 1448 207815
914 40522 1450 208028
915 40309 1468 208223
916 40081 1488 208431
917 39870 1465 208665
918 39670 1462 208868
919 39475 1423 209102
920 39235 1444 209321
921 39008 1442 209550
922 38819 1400 209781
923 38601 1409 209990
924 38370 1419 210211
925 38144 1419 210437
926 37926 1449 210625
927 37724 1435 210841
928 37535 1419 211046
929 37315 1446 211239
930 37104 1446 211450
931 36900 1438 211662
932 36711 1389 211900
933 36515 1383 212102
934 36327 1365 212308
935 36095 1368 212537
936 35881 1394 212725
937 35667 1401 212932
938 35449 1423 213128
939 35223 1418 213359
940 35018 1365 213617
941 34818 1357 213825
942 34624 1339 214037
943 34406 1351 214243
944 34246 1312 214442
945 34076 1295 214629
946 33895 1279 214826
947 33701 1292 215007
948 33552 1270 215178
949 33401 1221 215378
950 33252 1191 215557
951 33099 1168 215733
952 32950 1155 215895
953 32819 1110 216071
954 32680 1093 216227
955 32531 1085 216384
956 32394 1080 216526
957 32261 1047 216692
958 32123 1042 216835
959 32022 990 216988
960 31883 975 217142
961 31752 965 217283
962 31618 970 217412
963 31500 928 217572
964 31386 917 217697
965 31265 902 217833
966 31156 889 217955
967 31043 879 218078
968 30944 847 218209
969 30835 833 218332
970 30754 778 218468
971 30657 753 218590
972 30573 743 218684
973 30475 737 218788
974 30382 728 218890
975 30266 735 218999
976 30175 720 219105
977 30064 732 219204
978 29975 706 219319
979 29889 689 219422
980 29807 668 219525
981 29715 667 219618
982 29627 673 219700
983 29522 671 219807
984 29433 648 219919
985 29315 660 220025
986 29213 665 220122
987 29132 652 220216
988 29061 639 220300
989 28968 636 220396
990 28889 632 220479
991 28828 602 220570
992 28757 588 220655
993 28670 596 220734
994 28593 584 220823
995 28515 574 220911
996 28434 578 220988
997 28345 576 221079
998 28271 554 221175
999 28197 557 221246
1000 28113 560 221327
1001 28044 536 221420
1002 27964 522 221514
1003 27873 536 221591
1004 27786 545 221669
1005 27706 545 221749
1006 27629 550 221821
1007 27561 536 221903
1008 27465 545 221990
1009 27379 549 222072
1010 27293 565 222142
1011 27205 557 222238
1012 27102 574 222324
1013 27027 555 222418
1014 26949 561 222490
1015 26866 574 222560
1016 26785 554 222661
1017 26699 556 222745
1018 26624 549 222827
1019 26552 537 222911
1020 26490 520 222990
1021 26415 517 223068
1022 26335 510 223155
1023 26266 492 223242
1024 26205 493 223302
1025 26130 488 223382
1026 26069 477 223454
1027 26006 478 223516
1028 25935 478 223587
1029 25859 466 223675
1030 25797 456 223747
1031 25741 450 223809
1032 25667 444 223889
1033 25611 436 223953
1034 25559 425 224016
1035 25503 421 224076
1036 25436 423 224141
1037 25371 436 224193
1038 25299 444 224257
1039 25245 406 224349
1040 25170 411 224419
1041 25109 419 224472
1042 25056 405 224539
1043 25005 397 224598
1044 24966 379 224655
1045 24924 368 224708
1046 24882 356 224762
1047 24836 346 224818
1048 24781 349 224870
1049 24733 359 224908
1050 24666 368 224966
1051 24618 371 225011
1052 24571 363 225066
1053 24514 358 225128
1054 24455 363 225182
1055 24404 361 225235
1056 24349 363 225288
1057 24305 360 225335
1058 24251 361 225388
1059 24207 345 225448
1060 24156 353 225491
1061 24117 334 225549
1062 24083 320 225597
1063 24053 302 225645
1064 24007 302 225691
1065 23977 284 225739
1066 23934 290 225776
1067 23899 281 225820
1068 23864 275 225861
1069 23840 263 225897
1070 23808 261 225931
1071 23774 258 225968
1072 23745 252 226003
1073 23719 234 226047
1074 23692 219 226089
1075 23662 209 226129
1076 23641 195 226164
1077 23627 177 226196
1078 23604 175 226221
1079 23591 170 226239
1080 23567 168 226265
1081 23554 156 226290
1082 23536 151 226313
1083 23521 138 226341
1084 23508 133 226359
1085 23496 134 226370
1086 23488 127 226385
1087 23476 122 226402
1088 23457 118 226425
1089 23446 113 226441
1090 23436 108 226456
1091 23425 98 226477
1092 23418 92 226490
1093 23413 85 226502
1094 23405 77 226518
1095 23395 80 226525
1096 23388 79 226533
1097 23381 75 226544
1098 23379 66 226555
1099 23373 62 226565
1100 23365 59 226576
1101 23365 55 226580
1102 23358 51 226591
1103 23355 45 226600
1104 23354 39 226607
1105 23353 35 226612
1106 23351 30 226619
1107 23348 28 226624
1108 23348 24 226628
1109 23347 21 226632
1110 23346 20 226634
1111 23346 17 226637
1112 23345 14 226641
1113 23342 15 226643
1114 23341 14 226645
1115 23338 14 226648
1116 23337 13 226650
1117 23337 12 226651
1118 23337 11 226652
1119 23337 10 226653
1120 23336 9 226655
1121 23336 9 226655
1122 23336 8 226656
1123 23336 8 226656
1124 23336 6 226658
1125 23336 6 226658
1126 23336 5 226659
1127 23336 5 226659
1128 23336 5 226659
1129 23336 5 226659
1130 23336 5 226659
1131 23336 4 226660
1132 23336 4 226660
1133 23336 3 226661
1134 23336 3 226661
1135 23336 3 226661
1136 23336 2 226662
1137 23336 2 226662
1138 23336 2 226662
1139 23336 2 226662
1140 23336 2 226662
1141 23336 2 226662
1142 23336 2 226662
