0 9999 1 0
1 9944 2 54
2 9896 4 100
3 9839 5 156
4 9782 7 211
5 9729 10 261
6 9675 14 311
7 9626 21 353
8 9575 23 402
9 9519 28 453
10 9470 41 489
11 9407 54 539
12 9346 67 587
13 9289 84 627
14 9238 101 661
15 9166 120 714
16 9104 132 764
17 9049 147 804
18 8993 159 848
19 8932 179 889
20 8874 193 933
21 8808 211 981
22 8755 226 1019
23 8691 240 1069
24 8636 255 1109
25 8582 268 1150
26 8511 290 1199
27 8461 310 1229
28 8407 324 1269
29 8330 352 1318
30 8269 373 1358
31 8212 392 1396
32 8164 409 1427
33 8085 442 1473
34 8023 464 1513
35 7957 492 1551
36 7888 518 1594
37 7813 546 1641
38 7746 569 1685
39 7688 593 1719
40 7616 623 1761
41 7544 651 1805
42 7476 676 1848
43 7403 710 1887
44 7333 740 1927
45 7270 772 1958
46 7199 804 1997
47 7135 839 2026
48 7075 869 2056
49 7007 893 2100
50 6932 921 2147
51 6887 943 2170
52 6818 975 2207
53 6772 993 2235
54 6705 1020 2275
55 6643 1051 2306
56 6573 1086 2341
57 6503 1116 2381
58 6435 1144 2421
59 6396 1165 2439
60 6341 1189 2470
61 6283 1212 2505
62 6234 1238 2528
63 6167 1269 2564
64 6105 1299 2596
65 6051 1319 2630
66 5979 1356 2665
67 5914 1383 2703
68 5864 1409 2727
69 5813 1439 2748
70 5746 1471 2783
71 5690 1502 2808
72 5612 1545 2843
73 5541 1577 2882
74 5482 1605 2913
75 5426 1643 2931
76 5362 1674 2964
77 5305 1702 2993
78 5249 1730 3021
79 5196 1761 3043
80 5127 1803 3070
81 5061 1836 3103
82 5003 1857 3140
83 4945 1886 3169
84 4879 1926 3195
85 4836 1950 3214
86 4777 1987 3236
87 4711 2022 3267
88 4648 2058 3294
89 4604 2079 3317
90 4546 2111 3343
91 4508 2131 3361
92 4465 2157 3378
93 4416 2181 3403
94 4373 2204 3423
95 4336 2223 3441
96 4292 2244 3464
97 4256 2259 3485
98 4214 2283 3503
99 4173 2301 3526
100 4131 2321 3548
101 4095 2337 3568
102 4051 2359 3590
103 4023 2368 3609
104 3980 2390 3630
105 3941 2406 3653
106 3898 2422 3680
107 3862 2432 3706
108 3824 2451 3725
109 3779 2477 3744
110 3743 2490 3767
111 3709 2506 3785
112 3682 2518 3800
113 3646 2531 3823
114 3610 2545 3845
115 3587 2555 3858
116 3558 2561 3881
117 3525 2572 3903
118 3499 2584 3917
119 3464 2597 3939
120 3442 2603 3955
121 3414 2611 3975
122 3392 2616 3992
123 3360 2627 4013
124 3332 2638 4030
125 3304 2647 4049
126 3280 2653 4067
127 3258 2661 4081
128 3231 2672 4097
129 3205 2682 4113
130 3182 2694 4124
131 3161 2702 4137
132 3138 2714 4148
133 3112 2721 4167
134 3077 2734 4189
135 3049 2740 4211
136 3020 2744 4236
137 3001 2749 4250
138 2982 2756 4262
139 2954 2762 4284
140 2933 2769 4298
141 2915 2773 4312
142 2891 2779 4330
143 2868 2784 4348
144 2844 2798 4358
145 2825 2802 4373
146 2796 2806 4398
147 2766 2819 4415
148 2743 2829 4428
149 2725 2836 4439
150 2710 2840 4450
151 2695 2842 4463
152 2669 2848 4483
153 2649 2857 4494
154 2627 2861 4512
155 2611 2864 4525
156 2593 2866 4541
157 2575 2870 4555
158 2561 2874 4565
159 2539 2882 4579
160 2523 2886 4591
161 2510 2889 4601
162 2495 2892 4613
163 2480 2893 4627
164 2463 2897 4640
165 2450 2901 4649
166 2435 2903 4662
167 2413 2906 4681
168 2393 2908 4699
169 2382 2909 4709
170 2365 2912 4723
171 2352 2915 4733
172 2331 2916 4753
173 2315 2922 4763
174 2304 2923 4773
175 2298 2924 4778
176 2276 2928 4796
177 2262 2929 4809
178 2250 2930 4820
179 2238 2932 4830
180 2223 2933 4844
181 2216 2934 4850
182 2201 2935 4864
183 2193 2936 4871
184 2186 2936 4878
185 2172 2936 4892
186 2160 2936 4904
187 2151 2936 4913
188 2134 2936 4930
189 2119 2936 4945
190 2108 2936 4956
191 2093 2937 4970
192 2084 2937 4979
193 2075 2937 4988
194 2065 2937 4998
195 2057 2937 5006
196 2048 2937 5015
197 2032 2938 5030
198 2024 2939 5037
199 2011 2939 5050
200 2001 2939 5060
201 1993 2939 5068
202 1985 2939 5076
203 1972 2942 5086
204 1963 2942 5095
205 1953 2942 5105
206 1944 2942 5114
207 1933 2942 5125
208 1921 2942 5137
209 1914 2942 5144
210 1906 2942 5152
211 1895 2942 5163
212 1887 2942 5171
213 1881 2942 5177
214 1874 2942 5184
215 1867 2942 5191
216 1860 2942 5198
217 1852 2942 5206
218 1840 2942 5218
219 1834 2942 5224
220 1827 2942 5231
221 1817 2943 5240
222 1807 2944 5249
223 1796 2944 5260
224 1790 2944 5266
225 1782 2944 5274
226 1775 2944 5281
227 1767 2944 5289
228 1760 2944 5296
229 1752 2944 5304
230 1744 2944 5312
231 1735 2945 5320
232 1723 2945 5332
233 1715 2945 5340
234 1702 2945 5353
235 1685 2945 5370
0 9999 1 0
1 9932 3 65
2 9874 5 121
3 9820 7 173
4 9773 9 218
5 9720 14 266
6 9668 14 318
7 9620 16 364
8 9569 24 407
9 9521 26 453
10 9468 32 500
11 9414 38 548
12 9358 42 600
13 9294 56 650
14 9221 70 709
15 9162 79 759
16 9088 97 815
17 9046 106 848
18 8987 114 899
19 8925 127 948
20 8883 137 980
21 8826 154 1020
22 8765 177 1058
23 8689 196 1115
24 8615 216 1169
25 8548 238 1214
26 8481 264 1255
27 8400 296 1304
28 8343 317 1340
29 8278 339 1383
30 8211 371 1418
31 8150 395 1455
32 8092 413 1495
33 8022 442 1536
34 7942 475 1583
35 7873 502 1625
36 7808 533 1659
37 7736 562 1702
38 7670 593 1737
39 7595 625 1780
40 7531 657 1812
41 7462 682 1856
42 7394 708 1898
43 7325 731 1944
44 7259 759 1982
45 7192 796 2012
46 7129 826 2045
47 7059 855 2086
48 6989 885 2126
49 6932 910 2158
50 6877 937 2186
51 6802 972 2226
52 6746 998 2256
53 6688 1027 2285
54 6631 1049 2320
55 6577 1073 2350
56 6517 1102 2381
57 6459 1128 2413
58 6395 1153 2452
59 6326 1186 2488
60 6281 1203 2516
61 6216 1229 2555
62 6144 1265 2591
63 6084 1294 2622
64 6014 1325 2661
65 5952 1352 2696
66 5884 1389 2727
67 5821 1422 2757
68 5768 1449 2783
69 5709 1482 2809
70 5654 1510 2836
71 5590 1546 2864
72 5536 1580 2884
73 5469 1610 2921
74 5401 1648 2951
75 5349 1675 2976
76 5287 1720 2993
77 5240 1749 3011
78 5172 1786 3042
79 5119 1817 3064
80 5069 1844 3087
81 5019 1865 3116
82 4966 1890 3144
83 4918 1916 3166
84 4866 1952 3182
85 4817 1972 3211
86 4783 1985 3232
87 4734 2009 3257
88 4677 2034 3289
89 4635 2056 3309
90 4584 2083 3333
91 4527 2111 3362
92 4476 2142 3382
93 4440 2162 3398
94 4390 2185 3425
95 4335 2215 3450
96 4292 2241 3467
97 4247 2262 3491
98 4194 2282 3524
99 4161 2298 3541
100 4117 2320 3563
101 4078 2338 3584
102 4032 2362 3606
103 3994 2378 3628
104 3945 2397 3658
105 3909 2414 3677
106 3871 2431 3698
107 3836 2448 3716
108 3789 2472 3739
109 3752 2486 3762
110 3718 2499 3783
111 3687 2517 3796
112 3656 2533 3811
113 3616 2557 3827
114 3586 2574 3840
115 3563 2583 3854
116 3526 2602 3872
117 3501 2614 3885
118 3476 2622 3902
119 3458 2628 3914
120 3432 2644 3924
121 3401 2653 3946
122 3368 2665 3967
123 3341 2677 3982
124 3315 2685 4000
125 3293 2694 4013
126 3266 2703 4031
127 3239 2715 4046
128 3211 2724 4065
129 3184 2733 4083
130 3164 2740 4096
131 3139 2751 4110
132 3109 2763 4128
133 3089 2771 4140
134 3075 2777 4148
135 3058 2782 4160
136 3041 2786 4173
137 3026 2791 4183
138 3003 2799 4198
139 2978 2811 4211
140 2954 2821 4225
141 2936 2823 4241
142 2906 2829 4265
143 2889 2830 4281
144 2878 2833 4289
145 2861 2834 4305
146 2842 2836 4322
147 2824 2841 4335
148 2817 2841 4342
149 2808 2843 4349
150 2798 2847 4355
151 2780 2847 4373
152 2757 2849 4394
153 2741 2853 4406
154 2726 2855 4419
155 2709 2859 4432
156 2685 2862 4453
157 2675 2863 4462
158 2661 2865 4474
159 2651 2867 4482
160 2632 2870 4498
161 2622 2871 4507
162 2608 2874 4518
163 2592 2876 4532
164 2580 2877 4543
165 2560 2881 4559
166 2547 2887 4566
167 2530 2887 4583
168 2516 2890 4594
169 2497 2892 4611
170 2490 2892 4618
171 2481 2893 4626
172 2467 2895 4638
173 2457 2897 4646
174 2440 2898 4662
175 2426 2900 4674
176 2411 2902 4687
177 2394 2907 4699
178 2381 2912 4707
179 2368 2912 4720
180 2360 2913 4727
181 2352 2914 4734
182 2339 2914 4747
183 2320 2916 4764
184 2308 2917 4775
185 2292 2920 4788
186 2279 2922 4799
187 2270 2925 4805
188 2258 2928 4814
189 2248 2929 4823
190 2238 2931 4831
191 2228 2931 4841
192 2215 2932 4853
193 2197 2935 4868
194 2185 2936 4879
195 2175 2936 4889
196 2164 2936 4900
197 2151 2937 4912
198 2137 2939 4924
199 2122 2940 4938
200 2115 2940 4945
201 2104 2943 4953
202 2088 2943 4969
203 2075 2944 4981
204 2057 2946 4997
205 2043 2948 5009
206 2031 2950 5019
207 2024 2951 5025
208 2005 2951 5044
209 1996 2951 5053
